Station:,"49.7581,-110.8894",,,,Station ID:,62,,Begin Yr:,1949,,,,,,,,,,,,,,,,,,,,,,,,,,,,,,,,,,,,,,,,,,,,,,,,,,,,,,,,,,,,,,,,,,,,,,,,,,,,,,,
Lat:,49.7580986,Lon:,-110.8893967,,Country:,Canada,,End Yr:,2011,,,,,,,,,,,,,,,,,,,,,,,,,,,,,,,,,,,,,,,,,,,,,,,,,,,,,,,,,,,,,,,,,,,,,,,,,,,,,,,
Trend (/yr):,,,,,,,,,,,,,,,,,,,,,,,,,,,,,,,,,,,,,,,,,,,,,,,,,,,,,,,,,,,,,,,,,,,,,,,,,,,,,,,,,,,,,,,,
Significance:,,,,,,,,,,,,,,,,,,,,,,,,,,,,,,,,,,,,,,,,,,,,,,,,,,,,,,,,,,,,,,,,,,,,,,,,,,,,,,,,,,,,,,,,
Year,01TMEAN,01TMEAN Trendline,02TWinter,02TWinter Trendline,03TSpring,03TSpring Trendline,04TSummer,04TSummer Trendline,05TFall,05TFall Trendline,06TRange,06TRange Trendline,21FrostDays,21FrostDays Trendline,22FrostLast,22FrostLast Trendline,23FrostFirst,23FrostFirst Trendline,24IceDays,24IceDays Trendline,25Tmin10,25Tmin10 Trendline,26Tmin20,26Tmin20 Trendline,27ColdNights,27ColdNights Trendline,28ColdDays,28ColdDays Trendline,29ColdSpell,29ColdSpell Trendline,30HeatingDD,30HeatingDD Trendline,40Tmax90,40Tmax90 Trendline,41SummerDays,41SummerDays Trendline,42Tmax30,42Tmax30 Trendline,43HWDI,43HWDI Trendline,44TropNight,44TropNight Trendline,45Tmin90,45Tmin90 Trendline,46FrostFree,46FrostFree Trendline,47CoolingDD,47CoolingDD Trendline,61GSL,61GSL Trendline,62GSLBegin,62GSLBegin Trendline,63GSLEnd,63GSLEnd Trendline,64GDD0,64GDD0 Trendline,65GDD5,65GDD5 Trendline,66GDD10,66GDD10 Trendline,81PAnnual,81PAnnual Trendline,82PWinter,82PWinter Trendline,83PSpring,83PSpring Trendline,84PSummer,84PSummer Trendline,85PFall,85PFall Trendline,86Pge2,86Pge2 Trendline,87Pge10,87Pge10 Trendline,88Pge20,88Pge20 Trendline,89P3days,89P3days Trendline,90P5days,90P5days Trendline,91SDPI,91SDPI Trendline,92Pge95,92Pge95 Trendline,93DryPeriod,93DryPeriod Trendline,94PDays1,94PDays1 Trendline
1949,,,,,,,,,,,,,,,,,,,,,,,,,,,,,,,,,,,,,,,,,,,,,,,,,,,,,,,,,,,,,,,,,,,,,,,,,,,,,,,,,,,,,,,,
1950,2.71,4.61,-15.25,-9.98,8.02,9.05,16.55,17.01,-0.72,0.82,78.97,72.84,197.00,189.20,126.00,130.92,254.00,261.17,84.00,76.42,101.00,83.92,43.00,38.30,17.53,12.82,17.26,11.39,6.00,13.36,5678.01,5015.33,8.22,8.36,56.00,62.02,17.00,20.00,8.00,22.71,0.00,0.00,3.29,6.85,127.00,129.00,22.87,34.92,188.00,191.55,102.00,108.53,289.00,298.83,2481.93,2706.72,1587.29,1765.49,835.51,929.84,300.34,332.34,45.27,65.72,36.64,99.24,150.57,127.43,57.49,43.75,53.00,51.09,6.00,6.00,1.00,1.00,42.44,39.17,42.44,45.00,4.77,4.84,19.67,20.14,39.00,38.20,62.00,65.72
1951,2.00,4.63,-13.19,-9.91,8.12,9.06,15.49,17.02,-1.64,0.83,75.21,72.76,199.00,189.00,152.00,130.97,266.00,261.24,111.00,76.15,113.00,83.63,54.00,38.00,20.00,12.75,22.47,11.35,7.00,13.55,5928.52,5007.32,4.93,8.40,45.00,62.06,15.00,20.00,7.00,22.93,0.00,0.00,3.56,6.96,113.00,129.00,23.81,35.08,175.00,191.81,114.00,108.34,288.00,298.89,2354.98,2708.31,1505.61,1765.88,723.94,930.44,587.28,332.13,112.28,65.26,150.83,99.75,225.25,127.06,101.05,43.82,87.00,51.02,10.00,6.00,3.00,1.00,53.00,39.07,59.90,44.92,6.03,4.82,32.12,20.17,37.00,38.00,97.00,65.88
1952,4.77,4.66,-11.84,-9.84,10.10,9.06,15.98,17.03,2.72,0.84,68.36,72.69,175.00,188.80,127.00,131.01,277.00,261.31,76.00,75.88,87.00,83.35,33.00,37.70,13.15,12.67,10.41,11.30,10.00,13.73,4902.03,4999.32,7.95,8.45,53.00,62.10,16.00,20.00,25.00,23.14,0.00,0.00,4.38,7.07,149.00,129.00,9.51,35.23,217.00,192.08,102.00,108.14,318.00,298.94,2839.11,2709.90,1805.37,1766.27,862.54,931.04,295.17,331.92,89.51,64.80,49.91,100.27,150.81,126.68,13.18,43.90,46.00,50.95,7.00,6.00,0.00,1.00,28.59,38.98,39.53,44.84,5.05,4.80,18.10,20.20,40.00,37.80,58.00,66.04
1953,6.20,4.68,-5.81,-9.77,7.06,9.07,17.62,17.04,4.89,0.85,70.23,72.62,189.00,188.61,137.00,131.06,264.00,261.38,41.00,75.62,60.00,83.06,8.00,37.40,9.04,12.59,7.12,11.26,20.00,13.91,4434.72,4991.31,12.05,8.50,64.00,62.14,20.00,20.00,68.00,23.36,0.00,0.00,6.58,7.18,126.00,129.00,35.54,35.39,199.00,192.34,122.00,107.95,320.00,299.00,2751.37,2711.49,1780.98,1766.65,922.45,931.64,439.13,331.70,85.03,64.34,241.55,100.78,83.07,126.30,23.85,43.97,65.00,50.87,13.00,6.00,2.00,1.00,70.24,38.88,75.17,44.76,5.65,4.79,26.10,20.23,53.00,37.60,77.00,66.20
1954,4.79,4.71,-8.05,-9.69,5.11,9.08,16.90,17.05,4.87,0.86,79.16,72.55,192.00,188.41,127.00,131.10,272.00,261.45,63.00,75.35,65.00,82.77,26.00,37.10,15.62,12.51,16.16,11.22,52.00,14.09,4909.35,4983.30,13.70,8.55,46.00,62.17,13.00,20.00,60.00,23.57,0.00,0.00,11.51,7.29,144.00,129.00,19.30,35.54,148.00,192.61,124.00,107.75,271.00,299.06,2233.62,2713.08,1493.73,1767.04,775.68,932.24,427.12,331.49,87.04,63.88,129.76,101.30,188.86,125.93,19.94,44.04,63.00,50.80,11.00,6.00,2.00,1.00,48.88,38.78,48.88,44.69,5.53,4.77,30.71,20.26,58.00,37.40,77.00,66.36
1955,3.23,4.73,-8.20,-9.62,7.46,9.09,17.08,17.06,-3.52,0.87,69.26,72.47,191.00,188.22,129.00,131.15,253.00,261.51,102.00,75.08,115.00,82.49,46.00,36.80,15.34,12.44,14.79,11.18,7.00,14.27,5518.38,4975.30,4.38,8.60,56.00,62.21,22.00,20.00,6.00,23.79,0.00,0.00,4.11,7.40,123.00,129.00,36.03,35.69,205.00,192.87,96.00,107.56,300.00,299.11,2628.01,2714.68,1640.72,1767.42,842.65,932.84,371.67,331.28,46.61,63.43,183.66,101.81,113.88,125.55,34.67,44.11,58.00,50.73,9.00,6.00,1.00,1.00,40.80,38.68,47.12,44.61,5.08,4.75,26.76,20.29,45.00,37.20,73.00,66.52
1956,4.22,4.76,-12.13,-9.55,9.11,9.10,16.57,17.07,0.77,0.88,73.84,72.40,188.00,188.02,133.00,131.19,248.00,261.58,79.00,74.81,84.00,82.20,39.00,36.50,12.88,12.36,12.33,11.13,14.00,14.45,5138.02,4967.29,10.96,8.64,61.00,62.25,17.00,20.00,19.00,24.00,0.00,0.00,6.58,7.51,114.00,129.00,20.60,35.85,170.00,193.14,126.00,107.36,295.00,299.17,2549.46,2716.27,1703.21,1767.81,919.16,933.45,393.16,331.06,62.41,62.97,94.92,102.33,189.24,125.17,46.59,44.19,59.00,50.65,7.00,6.00,1.00,1.00,37.66,38.59,46.99,44.53,5.75,4.73,26.68,20.32,30.00,37.00,68.00,66.68
1957,4.81,4.78,-9.40,-9.48,9.75,9.11,16.75,17.07,2.19,0.89,76.18,72.33,193.00,187.83,143.00,131.24,261.00,261.65,75.00,74.54,68.00,81.91,25.00,36.20,11.51,12.28,10.14,11.09,15.00,14.64,4925.84,4959.29,7.67,8.69,65.00,62.29,18.00,20.00,32.00,24.21,0.00,0.00,5.48,7.62,117.00,129.00,27.60,36.00,169.00,193.40,108.00,107.17,276.00,299.22,2591.36,2717.86,1753.54,1768.20,960.68,934.05,315.80,330.85,52.30,62.51,105.03,102.84,81.67,124.79,75.60,44.26,56.00,50.58,3.00,6.00,0.00,1.00,26.38,38.49,35.54,44.45,4.65,4.72,10.10,20.35,38.00,36.80,67.00,66.84
1958,5.64,4.80,-7.07,-9.40,10.11,9.12,17.81,17.08,0.61,0.90,66.21,72.26,177.00,187.63,119.00,131.28,273.00,261.72,72.00,74.27,72.00,81.62,22.00,35.90,8.77,12.21,9.86,11.05,24.00,14.82,4681.04,4951.28,11.23,8.74,67.00,62.33,30.00,20.00,43.00,24.43,0.00,0.00,8.49,7.73,153.00,129.00,48.93,36.16,212.00,193.67,97.00,106.97,308.00,299.28,2914.23,2719.45,1895.99,1768.58,1014.58,934.65,346.96,330.64,58.48,62.05,76.55,103.36,140.88,124.42,69.50,44.33,51.00,50.51,8.00,6.00,1.00,1.00,32.05,38.39,32.05,44.37,5.22,4.70,27.82,20.38,36.00,36.60,65.00,67.00
1959,4.46,4.83,-9.38,-9.33,8.98,9.13,16.79,17.09,0.91,0.90,66.87,72.18,194.00,187.44,142.00,131.33,252.00,261.79,65.00,74.00,66.00,81.34,39.00,35.60,13.97,12.13,11.78,11.00,35.00,15.00,5069.79,4943.28,8.77,8.79,57.00,62.37,25.00,20.00,24.00,24.64,0.00,0.00,5.48,7.84,109.00,129.00,36.01,36.31,163.00,193.93,116.00,106.78,278.00,299.33,2348.38,2721.04,1549.70,1768.97,845.79,935.25,272.93,330.42,47.85,61.59,67.48,103.87,114.04,124.04,40.26,44.40,42.00,50.44,3.00,6.00,1.00,1.00,45.83,38.29,48.93,44.29,4.59,4.68,11.51,20.41,45.00,36.40,58.00,67.16
1960,5.20,4.85,-9.53,-9.26,9.57,9.14,18.70,17.10,1.27,0.91,71.98,72.11,182.00,187.24,126.00,131.37,264.00,261.86,75.00,73.73,87.00,81.05,35.00,35.30,10.96,12.05,7.40,10.96,7.00,15.18,4895.42,4935.27,10.41,8.84,72.00,62.41,33.00,20.00,15.00,24.86,0.00,0.00,10.14,7.95,137.00,129.00,87.63,36.47,214.00,194.20,89.00,106.58,302.00,299.39,2946.15,2722.64,1926.31,1769.36,1039.38,935.85,264.59,330.21,61.90,61.13,75.72,104.39,80.28,123.66,51.48,44.48,39.00,50.36,6.00,6.00,0.00,1.00,29.31,38.20,31.11,44.22,4.44,4.66,16.47,20.44,45.00,36.20,57.00,67.32
1961,6.28,4.88,-2.90,-9.19,10.38,9.15,18.54,17.11,-1.54,0.92,73.24,72.04,184.00,187.05,132.00,131.42,262.00,261.93,59.00,73.46,69.00,80.76,17.00,35.00,8.49,11.98,7.12,10.92,27.00,15.36,4578.27,4927.27,17.26,8.88,90.00,62.45,43.00,20.00,32.00,25.07,0.00,0.00,18.08,8.05,129.00,129.00,104.90,36.62,175.00,194.46,119.00,106.39,293.00,299.44,2796.97,2724.23,1947.82,1769.74,1204.64,936.45,182.70,329.99,17.06,60.68,44.21,104.90,80.67,123.29,42.02,44.55,29.00,50.29,3.00,6.00,0.00,1.00,22.63,38.10,22.63,44.14,3.37,4.64,8.62,20.47,28.00,36.00,50.00,67.48
1962,5.97,4.90,-9.62,-9.11,10.30,9.16,17.31,17.12,5.69,0.93,69.38,71.96,162.00,186.85,128.00,131.46,246.00,262.00,61.00,73.19,67.00,80.48,29.00,34.70,9.04,11.90,8.77,10.87,28.00,15.55,4527.08,4919.26,15.34,8.93,73.00,62.49,19.00,20.00,30.00,25.29,0.00,0.00,13.97,8.16,117.00,129.00,31.94,36.78,215.00,194.73,103.00,106.19,317.00,299.50,3016.01,2725.82,1949.22,1770.13,1016.80,937.05,233.07,329.78,44.25,60.22,66.31,105.42,94.12,122.91,22.07,44.62,42.00,50.22,2.00,6.00,1.00,1.00,24.67,38.00,24.67,44.06,3.66,4.63,8.67,20.49,32.00,35.80,60.00,67.64
1963,6.50,4.93,-7.16,-9.04,10.66,9.17,18.35,17.12,2.17,0.94,71.69,71.89,160.00,186.66,141.00,131.51,292.00,262.07,58.00,72.92,57.00,80.19,36.00,34.40,6.85,11.82,6.03,10.83,20.00,15.73,4407.71,4911.25,17.53,8.98,91.00,62.52,29.00,20.00,59.00,25.50,0.00,0.00,19.45,8.27,150.00,129.00,58.09,36.93,227.00,194.99,84.00,106.00,310.00,299.56,3194.59,2727.41,2121.99,1770.52,1185.10,937.65,299.94,329.57,59.37,59.76,49.08,105.93,169.45,122.53,28.36,44.69,40.00,50.15,6.00,6.00,1.00,1.00,45.74,37.90,46.31,43.98,4.89,4.61,24.61,20.52,63.00,35.60,59.00,67.80
1964,4.82,4.95,-3.54,-8.97,8.00,9.18,16.87,17.13,-0.26,0.95,72.26,71.82,176.00,186.46,118.00,131.55,254.00,262.14,65.00,72.65,76.00,79.90,27.00,34.10,10.68,11.74,10.96,10.79,23.00,15.91,4947.48,4903.25,6.58,9.03,62.00,62.56,24.00,20.00,15.00,25.71,0.00,0.00,6.85,8.38,135.00,129.00,37.28,37.09,199.00,195.26,117.00,105.80,315.00,299.61,2717.06,2729.00,1739.60,1770.90,902.48,938.25,368.35,329.35,45.91,59.30,147.94,106.45,89.76,122.15,63.80,44.77,50.00,50.07,7.00,6.00,2.00,1.00,41.29,37.81,54.98,43.90,4.69,4.59,28.56,20.55,34.00,35.40,75.00,67.96
1965,3.72,4.97,-11.44,-8.90,6.92,9.19,16.14,17.14,1.73,0.96,69.02,71.75,186.00,186.27,141.00,131.60,253.00,262.21,85.00,72.38,87.00,79.62,42.00,33.80,14.25,11.67,18.90,10.74,16.00,16.09,5360.64,4895.24,4.93,9.08,51.00,62.60,15.00,20.00,20.00,25.93,0.00,0.00,8.22,8.49,111.00,129.00,41.97,37.24,198.00,195.52,113.00,105.61,310.00,299.67,2633.79,2730.60,1682.81,1771.29,866.47,938.85,419.49,329.14,65.11,58.84,135.47,106.97,185.96,121.78,51.54,44.84,58.00,50.00,6.00,6.00,3.00,1.00,50.96,37.71,59.91,43.82,4.94,4.57,27.41,20.58,35.00,35.20,82.00,68.12
1966,4.30,5.00,-11.32,-8.83,8.83,9.20,17.78,17.15,-0.15,0.97,69.23,71.67,186.00,186.07,134.00,131.64,273.00,262.28,82.00,72.12,91.00,79.33,37.00,33.50,13.15,11.59,10.96,10.70,11.00,16.27,5123.32,4887.24,8.77,9.12,64.00,62.64,22.00,20.00,26.00,26.14,0.00,0.00,9.86,8.60,138.00,129.00,18.07,37.39,201.00,195.79,85.00,105.41,285.00,299.72,2733.78,2732.19,1789.38,1771.67,963.20,939.45,410.66,328.93,69.25,58.38,128.44,107.48,148.39,121.40,64.42,44.91,48.00,49.93,10.00,6.00,3.00,1.00,46.12,37.61,48.26,43.75,5.85,4.55,37.15,20.61,38.00,35.00,68.00,68.28
1967,4.90,5.02,-8.51,-8.75,6.36,9.21,19.17,17.16,2.14,0.97,68.99,71.60,199.00,185.88,133.00,131.69,269.00,262.35,82.00,71.85,91.00,79.04,29.00,33.20,12.60,11.51,10.68,10.66,0.00,16.45,4987.25,4879.23,8.49,9.17,82.00,62.68,35.00,20.00,6.00,26.36,0.00,0.00,8.49,8.71,135.00,129.00,56.95,37.55,173.00,196.05,133.00,105.22,305.00,299.78,2730.58,2733.78,1875.68,1772.06,1089.89,940.05,331.54,328.71,88.13,57.92,169.04,108.00,28.83,121.02,40.59,44.98,47.00,49.85,7.00,6.00,1.00,1.00,52.19,37.52,52.85,43.67,4.55,4.54,24.85,20.64,34.00,34.80,69.00,68.44
1968,4.97,5.05,-5.82,-8.68,8.69,9.22,16.14,17.17,1.79,0.98,76.46,71.53,179.00,185.68,139.00,131.73,275.00,262.42,62.00,71.58,62.00,78.76,31.00,32.90,11.51,11.44,9.86,10.61,25.00,16.64,4840.26,4871.23,12.05,9.22,46.00,62.72,15.00,20.00,30.00,26.57,0.00,0.00,9.04,8.82,135.00,129.00,17.89,37.70,224.00,196.32,81.00,105.02,304.00,299.83,2635.76,2735.37,1601.12,1772.45,784.32,940.65,329.73,328.50,22.23,57.47,118.45,108.51,151.11,120.65,30.59,45.05,47.00,49.78,6.00,6.00,2.00,1.00,51.43,37.42,57.68,43.59,4.50,4.52,27.78,20.67,23.00,34.60,70.00,68.60
1969,4.10,5.07,-16.90,-8.61,10.55,9.23,17.92,17.17,1.75,0.99,80.49,71.46,178.00,185.49,163.00,131.78,259.00,262.49,89.00,71.31,90.00,78.47,41.00,32.60,13.97,11.36,12.60,10.57,0.00,16.82,5250.18,4863.22,9.32,9.27,72.00,62.76,27.00,20.00,27.00,26.79,0.00,0.00,9.04,8.93,95.00,129.00,46.82,37.86,185.00,196.58,99.00,104.83,283.00,299.89,2773.27,2736.96,1851.89,1772.83,1004.59,941.25,225.55,328.28,80.46,57.01,55.07,109.03,63.40,120.27,37.23,45.13,38.00,49.71,3.00,6.00,0.00,1.00,13.91,37.32,14.89,43.51,3.38,4.50,0.00,20.70,28.00,34.40,60.00,68.76
1970,4.30,5.10,-8.56,-8.54,9.33,9.24,18.22,17.18,-2.22,1.00,75.96,71.38,208.00,185.29,134.00,131.82,254.00,262.55,81.00,71.04,88.00,78.18,38.00,32.30,9.04,11.28,8.22,10.53,0.00,17.00,5239.00,4855.22,7.95,9.32,76.00,62.80,38.00,20.00,8.00,27.00,0.00,0.00,7.67,9.04,119.00,129.00,85.85,38.01,178.00,196.85,120.00,104.63,297.00,299.94,2722.30,2738.56,1873.12,1773.22,1111.60,941.85,322.32,328.07,54.20,56.55,115.61,109.54,109.14,119.89,44.48,45.20,40.00,49.64,8.00,6.00,2.00,1.00,42.67,37.22,76.03,43.43,4.56,4.48,31.21,20.73,26.00,34.20,66.00,68.92
1971,4.65,5.12,-8.48,-8.46,9.24,9.25,18.25,17.19,-0.30,1.01,74.75,71.31,191.00,185.10,135.00,131.87,260.00,262.62,85.00,70.77,81.00,77.89,37.00,32.00,10.68,11.21,9.04,10.48,9.00,17.18,5091.89,4847.21,9.32,9.36,69.00,62.83,30.00,20.00,8.00,27.21,0.00,0.00,9.32,9.15,124.00,129.00,92.60,38.17,205.00,197.11,95.00,104.44,299.00,300.00,2892.42,2740.15,1894.25,1773.61,1043.73,942.45,258.39,327.86,70.29,56.09,92.15,110.06,59.92,119.51,37.02,45.27,44.00,49.56,5.00,6.00,1.00,1.00,35.32,37.13,37.00,43.35,3.83,4.46,8.29,20.76,26.00,34.00,65.00,69.08
1972,3.82,5.15,-11.76,-8.39,10.33,9.26,16.75,17.20,-2.34,1.02,71.52,71.24,195.00,184.90,127.00,131.91,264.00,262.69,80.00,70.50,92.00,77.61,46.00,31.70,15.34,11.13,15.62,10.44,9.00,17.36,5332.03,4839.21,7.12,9.41,58.00,62.87,19.00,20.00,20.00,27.43,0.00,0.00,10.41,9.26,136.00,129.00,34.27,38.32,196.00,197.38,71.00,104.24,266.00,300.06,2634.92,2741.74,1720.21,1773.99,943.65,943.05,343.36,327.64,61.44,55.63,88.57,110.57,118.76,119.14,63.49,45.34,52.00,49.49,5.00,6.00,1.00,1.00,36.13,37.03,40.83,43.28,4.03,4.45,15.27,20.79,27.00,33.80,82.00,69.24
1973,6.06,5.17,-3.86,-8.32,9.50,9.27,18.32,17.21,-0.13,1.03,67.05,71.17,191.00,184.71,132.00,131.96,257.00,262.76,60.00,70.23,61.00,77.32,22.00,31.40,6.58,11.05,5.75,10.40,37.00,17.55,4555.88,4831.20,9.04,9.46,77.00,62.91,25.00,20.00,45.00,27.64,0.00,0.00,8.77,9.37,124.00,129.00,61.35,38.48,226.00,197.64,78.00,104.05,303.00,300.11,2944.63,2743.33,1888.63,1774.38,1048.26,943.65,259.63,327.43,28.00,55.17,126.13,111.09,59.32,118.76,55.51,45.42,36.00,49.42,3.00,6.00,2.00,1.00,64.83,36.93,80.02,43.20,4.59,4.43,29.99,20.82,53.00,33.60,54.00,69.40
1974,6.10,5.19,-6.89,-8.25,9.45,9.28,17.14,17.22,3.67,1.04,71.67,71.09,179.00,184.51,142.00,132.00,270.00,262.83,46.00,69.96,59.00,77.03,15.00,31.10,6.30,10.97,6.58,10.35,0.00,17.73,4504.53,4823.19,8.77,9.51,59.00,62.95,17.00,20.00,35.00,27.86,0.00,0.00,7.67,9.48,127.00,129.00,48.84,38.63,200.00,197.91,104.00,103.85,303.00,300.17,2785.22,2744.92,1805.11,1774.76,942.14,944.26,285.98,327.22,54.44,54.71,129.96,111.60,88.05,118.38,11.24,45.49,45.00,49.35,3.00,6.00,1.00,1.00,39.58,36.83,39.58,43.12,3.92,4.41,18.22,20.85,38.00,33.40,70.00,69.56
1975,3.64,5.22,-8.97,-8.17,5.36,9.29,16.77,17.23,0.40,1.04,72.81,71.02,186.00,184.32,141.00,132.04,262.00,262.90,88.00,69.69,98.00,76.75,33.00,30.80,11.78,10.90,16.99,10.31,8.00,17.91,5358.23,4815.19,4.11,9.56,41.00,62.99,12.00,20.00,9.00,28.07,0.00,0.00,6.58,9.59,120.00,129.00,44.05,38.79,184.00,198.17,111.00,103.66,294.00,300.22,2495.14,2746.52,1592.34,1775.15,819.23,944.86,456.32,327.00,52.10,54.26,249.41,112.12,85.63,118.01,61.27,45.56,66.00,49.27,10.00,6.00,3.00,1.00,51.35,36.74,54.70,43.04,4.57,4.39,31.46,20.87,20.00,33.20,98.00,69.72
1976,6.58,5.24,-4.60,-8.10,10.90,9.30,17.90,17.23,1.72,1.05,66.70,70.95,175.00,184.12,126.00,132.09,277.00,262.97,42.00,69.42,59.00,76.46,16.00,30.50,6.30,10.82,7.12,10.27,33.00,18.09,4297.09,4807.18,13.15,9.60,59.00,63.03,15.00,20.00,40.00,28.29,0.00,0.00,13.15,9.70,150.00,129.00,25.66,38.94,195.00,198.44,93.00,103.46,287.00,300.28,2890.06,2748.11,1921.04,1775.54,1032.62,945.46,265.46,326.79,45.55,53.80,79.20,112.63,125.43,117.63,23.27,45.63,40.00,49.20,4.00,6.00,1.00,1.00,24.23,36.64,28.39,42.96,3.83,4.37,12.81,20.90,50.00,33.00,66.00,69.88
1977,5.38,5.27,-4.34,-8.03,10.75,9.31,16.21,17.24,-0.97,1.06,73.92,70.87,178.00,183.93,126.00,132.13,277.00,263.04,57.00,69.15,65.00,76.17,31.00,30.20,8.49,10.74,10.96,10.22,23.00,18.27,4705.52,4799.18,9.86,9.65,53.00,63.07,12.00,20.00,27.00,28.50,0.00,0.00,10.68,9.81,150.00,129.00,20.75,39.09,211.00,198.70,94.00,103.27,304.00,300.33,2808.63,2749.70,1776.31,1775.92,876.95,946.06,299.13,326.57,32.71,53.34,95.55,113.15,87.70,117.25,81.69,45.71,49.00,49.13,3.00,6.00,0.00,1.00,24.47,36.54,33.74,42.88,3.45,4.36,15.19,20.93,59.00,32.80,82.00,70.04
1978,3.40,5.29,-13.27,-7.96,9.49,9.32,17.07,17.25,-0.27,1.07,67.97,70.80,173.00,183.73,114.00,132.18,263.00,263.11,106.00,68.88,108.00,75.89,51.00,29.90,9.04,10.67,12.60,10.18,0.00,18.45,5455.75,4791.17,4.11,9.70,48.00,63.11,20.00,20.00,0.00,28.71,0.00,0.00,7.40,9.92,148.00,129.00,35.91,39.25,184.00,198.97,114.00,103.07,297.00,300.39,2668.59,2751.29,1752.22,1776.31,908.12,946.66,495.16,326.36,81.17,52.88,158.13,113.66,194.16,116.87,57.38,45.78,71.00,49.05,6.00,6.00,1.00,1.00,70.29,36.44,75.59,42.81,4.22,4.34,21.87,20.96,17.00,32.60,112.00,70.20
1979,4.60,5.32,-13.13,-7.89,7.21,9.33,18.81,17.26,2.95,1.08,72.64,70.73,186.00,183.54,130.00,132.22,276.00,263.18,73.00,68.62,87.00,75.60,46.00,29.60,7.67,10.59,9.59,10.14,20.00,18.64,5068.05,4783.17,11.78,9.75,73.00,63.15,22.00,20.00,30.00,28.93,0.00,0.00,10.14,10.03,145.00,129.00,42.02,39.40,188.00,199.23,115.00,102.88,302.00,300.44,2801.59,2752.88,1887.86,1776.70,1062.83,947.26,267.18,326.15,50.81,52.42,115.24,114.18,74.80,116.50,38.21,45.85,44.00,48.98,4.00,6.00,0.00,1.00,24.15,36.35,27.64,42.73,3.93,4.32,16.10,20.99,25.00,32.40,64.00,70.36
1980,5.47,5.34,-8.32,-7.81,11.70,9.34,16.23,17.27,1.75,1.09,68.17,70.66,167.00,183.34,131.00,132.27,259.00,263.25,65.00,68.35,76.00,75.31,31.00,29.30,9.04,10.51,9.86,10.09,19.00,18.82,4673.71,4775.16,14.25,9.80,68.00,63.18,12.00,20.00,44.00,29.14,0.00,0.00,12.05,10.14,127.00,129.00,17.39,39.56,192.00,199.50,102.00,102.68,293.00,300.50,2857.51,2754.48,1902.04,1777.08,995.39,947.86,342.43,325.93,45.69,51.96,104.36,114.69,120.83,116.12,62.29,45.92,50.00,48.91,5.00,6.00,2.00,1.00,41.21,36.25,45.38,42.65,4.18,4.30,22.68,21.02,41.00,32.20,77.00,70.52
1981,7.08,5.36,-2.06,-7.74,9.81,9.35,18.65,17.28,2.41,1.10,64.72,70.58,174.00,183.15,131.00,132.31,266.00,263.32,46.00,68.08,41.00,75.03,10.00,29.00,5.48,10.44,6.58,10.05,37.00,19.00,4160.11,4767.16,14.52,9.84,69.00,63.22,25.00,20.00,44.00,29.36,0.00,0.00,12.60,10.25,134.00,129.00,43.14,39.71,274.00,199.76,47.00,102.49,320.00,300.56,3116.86,2756.07,1911.92,1777.47,1011.50,948.46,304.82,325.72,43.65,51.51,153.61,115.21,66.73,115.74,46.07,46.00,50.00,48.84,8.00,6.00,1.00,1.00,34.97,36.15,35.02,42.57,4.64,4.28,26.56,21.05,29.00,32.00,63.00,70.68
1982,3.32,5.39,-13.17,-7.67,7.42,9.36,17.11,17.28,0.22,1.11,67.97,70.51,195.00,182.95,131.00,132.36,256.00,263.39,93.00,67.81,101.00,74.74,44.00,28.70,12.33,10.36,13.42,10.01,7.00,19.18,5469.65,4759.15,3.29,9.89,61.00,63.26,13.00,20.00,18.00,29.57,0.00,0.00,6.30,10.36,124.00,129.00,14.40,39.87,186.00,200.03,116.00,102.29,301.00,300.61,2557.46,2757.66,1665.78,1777.85,894.97,949.06,419.50,325.51,100.89,51.05,116.24,115.72,113.38,115.37,89.66,46.07,59.00,48.76,10.00,6.00,1.00,1.00,49.67,36.05,53.70,42.49,4.49,4.27,30.88,21.08,25.00,31.80,90.00,70.84
1983,5.53,5.41,-2.94,-7.60,9.05,9.37,17.85,17.29,-0.90,1.11,78.69,70.44,180.00,182.76,133.00,132.40,261.00,263.46,68.00,67.54,63.00,74.45,24.00,28.40,8.77,10.28,7.67,9.96,47.00,19.36,4732.49,4751.14,11.23,9.94,66.00,63.30,21.00,20.00,36.00,29.79,0.00,0.00,11.23,10.47,127.00,129.00,60.81,40.02,207.00,200.29,105.00,102.10,311.00,300.67,2859.82,2759.25,1864.23,1778.24,1021.22,949.66,284.47,325.29,50.13,50.59,82.41,116.24,112.21,114.99,36.74,46.14,48.00,48.69,4.00,6.00,0.00,1.00,19.92,35.96,31.75,42.41,3.86,4.25,13.48,21.11,36.00,31.60,69.00,71.00
1984,5.46,5.44,-4.70,-7.52,9.65,9.38,18.01,17.30,-1.84,1.12,72.11,70.37,188.00,182.56,131.00,132.45,265.00,263.53,67.00,67.27,63.00,74.16,25.00,28.10,11.78,10.20,11.23,9.92,43.00,19.55,4780.77,4743.14,13.15,9.99,72.00,63.34,31.00,20.00,38.00,30.00,0.00,0.00,15.62,10.58,133.00,129.00,63.00,40.18,173.00,200.56,93.00,101.90,265.00,300.72,2540.84,2760.84,1702.66,1778.63,957.40,950.26,285.74,325.08,41.35,50.13,77.13,116.76,110.13,114.61,47.82,46.21,42.00,48.62,3.00,6.00,0.00,1.00,25.47,35.86,27.03,42.34,3.43,4.23,16.17,21.14,40.00,31.40,79.00,71.16
1985,4.15,5.46,-9.04,-7.45,10.10,9.39,16.55,17.31,-4.02,1.13,72.13,70.29,189.00,182.37,115.00,132.49,263.00,263.60,72.00,67.00,79.00,73.88,39.00,27.80,15.62,10.13,15.34,9.88,10.00,19.73,5209.85,4735.13,9.04,10.04,59.00,63.38,21.00,20.00,37.00,30.21,0.00,0.00,7.67,10.68,147.00,129.00,49.47,40.33,211.00,200.82,98.00,101.71,308.00,300.78,2699.21,2762.44,1711.13,1779.01,896.78,950.86,340.48,324.86,38.63,49.67,119.55,117.27,129.36,114.23,67.25,46.29,50.00,48.54,4.00,6.00,1.00,1.00,31.07,35.76,36.75,42.26,3.77,4.21,13.05,21.17,24.00,31.20,85.00,71.32
1986,6.40,5.49,-3.29,-7.38,10.54,9.40,16.20,17.32,1.14,1.14,68.59,70.22,166.00,182.17,136.00,132.54,283.00,263.66,48.00,66.73,57.00,73.59,17.00,27.50,9.04,10.05,10.14,9.83,65.00,19.91,4358.98,4727.13,12.88,10.08,58.00,63.42,18.00,20.00,73.00,30.43,0.00,0.00,15.89,10.79,146.00,129.00,27.20,40.49,225.00,201.09,85.00,101.51,309.00,300.83,2831.75,2764.03,1777.21,1779.40,924.29,951.46,482.61,324.65,43.58,49.21,132.41,117.79,144.48,113.86,162.21,46.36,61.00,48.47,9.00,6.00,2.00,1.00,104.91,35.66,104.91,42.18,5.35,4.19,31.75,21.20,28.00,31.00,87.00,71.48
1987,7.70,5.51,-0.66,-7.31,11.57,9.41,16.30,17.33,4.01,1.15,59.92,70.15,174.00,181.98,140.00,132.58,278.00,263.73,33.00,66.46,38.00,73.30,2.00,27.20,6.58,9.97,5.48,9.79,50.00,20.09,3882.93,4719.12,21.37,10.13,64.00,63.46,18.00,20.00,82.00,30.64,0.00,0.00,12.05,10.90,137.00,129.00,37.63,40.64,198.00,201.35,93.00,101.32,290.00,300.89,2866.16,2765.62,1886.44,1779.79,992.84,952.06,249.97,324.44,34.91,48.75,54.22,118.30,134.31,113.48,25.99,46.43,37.00,48.40,3.00,6.00,1.00,1.00,35.47,35.57,44.16,42.10,4.07,4.18,21.25,21.23,36.00,30.80,58.00,71.64
1988,6.71,5.53,-5.95,-7.23,11.89,9.42,18.04,17.34,2.97,1.16,66.99,70.08,169.00,181.78,123.00,132.63,291.00,263.80,54.00,66.19,65.00,73.02,30.00,26.90,4.93,9.90,2.74,9.75,7.00,20.27,4338.11,4711.12,17.81,10.18,89.00,63.50,35.00,20.00,61.00,30.86,0.00,0.00,13.15,11.01,167.00,129.00,60.32,40.79,234.00,201.62,78.00,101.12,311.00,300.94,3221.41,2767.21,2109.31,1780.17,1170.35,952.66,216.86,324.22,26.41,48.30,51.97,118.82,102.32,113.10,34.18,46.50,36.00,48.33,3.00,6.00,1.00,1.00,30.20,35.47,30.20,42.02,3.76,4.16,15.86,21.25,37.00,30.60,54.00,71.80
1989,4.66,5.56,-11.38,-7.16,9.32,9.43,17.02,17.34,1.38,1.17,75.14,70.00,181.00,181.59,120.00,132.67,253.00,263.87,78.00,65.92,76.00,72.73,34.00,26.60,11.23,9.82,9.86,9.70,8.00,20.45,5009.28,4703.11,6.03,10.23,56.00,63.53,19.00,20.00,24.00,31.07,0.00,0.00,7.95,11.12,132.00,129.00,33.90,40.95,185.00,201.88,117.00,100.93,301.00,301.00,2641.85,2768.81,1743.13,1780.56,931.83,953.26,375.18,324.01,62.68,47.84,116.27,119.33,132.76,112.73,62.34,46.58,58.00,48.25,6.00,6.00,1.00,1.00,25.87,35.37,34.92,41.94,3.69,4.14,16.35,21.28,21.00,30.40,96.00,71.96
1990,5.66,5.58,-3.98,-7.09,8.44,9.44,18.80,17.35,0.32,1.18,73.13,69.93,195.00,181.39,137.00,132.72,265.00,263.94,58.00,65.65,66.00,72.44,26.00,26.30,11.78,9.74,9.32,9.66,29.00,20.64,4678.89,4695.11,9.59,10.28,75.00,63.57,25.00,20.00,36.00,31.29,0.00,0.00,9.59,11.23,127.00,129.00,52.37,41.10,218.00,202.15,88.00,100.73,305.00,301.06,2873.11,2770.40,1873.21,1780.94,1036.05,953.86,315.97,323.80,46.38,47.38,119.11,119.85,76.84,112.35,66.20,46.65,45.00,48.18,5.00,6.00,2.00,1.00,33.38,35.28,34.25,41.87,4.10,4.12,24.60,21.31,22.00,30.20,72.00,72.12
1991,6.06,5.61,-6.24,-7.02,9.25,9.45,17.95,17.36,0.56,1.18,69.28,69.86,181.00,181.20,125.00,132.76,260.00,264.01,54.00,65.38,61.00,72.16,20.00,26.00,9.59,9.67,8.49,9.62,49.00,20.82,4516.33,4687.10,11.78,10.32,66.00,63.61,17.00,20.00,44.00,31.50,0.00,0.00,13.42,11.34,134.00,129.00,43.04,41.26,207.00,202.41,89.00,100.54,295.00,301.11,2866.70,2771.99,1878.19,1781.33,1013.73,954.47,372.98,323.58,51.44,46.92,173.04,120.36,124.12,111.97,36.73,46.72,52.00,48.11,11.00,6.00,0.00,1.00,40.68,35.18,43.38,41.79,4.92,4.10,35.18,21.34,22.00,30.00,73.00,72.28
1992,6.45,5.63,-0.14,-6.94,10.71,9.46,15.33,17.37,1.45,1.19,68.44,69.78,173.00,181.00,141.00,132.81,250.00,264.08,40.00,65.12,57.00,71.87,9.00,25.70,9.04,9.59,10.96,9.57,32.00,21.00,4320.06,4679.09,19.18,10.37,55.00,63.65,13.00,20.00,50.00,31.71,0.00,0.00,14.25,11.45,108.00,129.00,23.69,41.41,184.00,202.68,103.00,100.34,286.00,301.17,2573.63,2773.58,1660.46,1781.72,860.45,955.07,382.73,323.37,18.65,46.46,94.15,120.88,177.40,111.59,74.52,46.79,62.00,48.04,5.00,6.00,0.00,1.00,33.90,35.08,41.63,41.71,4.07,4.09,19.83,21.37,48.00,29.80,89.00,72.44
1993,4.70,5.66,-10.02,-6.87,10.30,9.47,14.45,17.38,1.61,1.20,63.83,69.71,181.00,180.80,123.00,132.85,256.00,264.15,58.00,64.85,62.00,71.58,29.00,25.40,10.14,9.51,13.97,9.53,35.00,21.18,4887.27,4671.09,4.11,10.42,25.00,63.69,5.00,20.00,25.00,31.93,0.00,0.00,9.04,11.56,132.00,129.00,6.12,41.57,206.00,202.94,103.00,100.15,308.00,301.22,2502.37,2775.17,1506.14,1782.10,677.93,955.67,480.27,323.15,48.58,46.00,150.78,121.39,252.87,111.22,44.20,46.87,70.00,47.96,10.00,6.00,2.00,1.00,48.29,34.98,66.05,41.63,4.88,4.07,30.11,21.40,35.00,29.60,95.00,72.60
1994,5.72,5.68,-8.42,-6.80,10.07,9.48,18.47,17.39,1.68,1.21,73.72,69.64,167.00,180.61,126.00,132.90,276.00,264.22,71.00,64.58,73.00,71.30,30.00,25.10,6.30,9.44,8.49,9.49,20.00,21.36,4653.63,4663.08,9.86,10.47,68.00,63.73,26.00,20.00,20.00,32.14,0.00,0.00,11.78,11.67,149.00,129.00,52.74,41.72,180.00,203.21,105.00,99.95,284.00,301.28,2779.70,2776.77,1897.07,1782.49,1063.63,956.27,294.95,322.94,59.78,45.55,104.87,121.91,57.17,110.84,69.83,46.94,43.00,47.89,7.00,6.00,0.00,1.00,27.02,34.89,30.14,41.55,3.83,4.05,16.04,21.43,39.00,29.40,73.00,72.76
1995,4.77,5.70,-5.04,-6.73,8.76,9.49,16.34,17.39,-0.87,1.22,63.35,69.57,183.00,180.41,133.00,132.94,263.00,264.29,85.00,64.31,88.00,71.01,25.00,24.80,9.86,9.36,8.49,9.44,12.00,21.55,4901.71,4655.08,9.04,10.52,55.00,63.77,7.00,20.00,40.00,32.36,0.00,0.00,7.40,11.78,129.00,129.00,6.65,41.88,232.00,203.47,69.00,99.76,300.00,301.33,2737.93,2778.36,1661.28,1782.88,841.34,956.87,367.62,322.73,23.52,45.09,137.23,122.42,129.56,110.46,81.90,47.01,63.00,47.82,5.00,6.00,0.00,1.00,22.77,34.79,28.00,41.47,4.01,4.03,20.61,21.46,29.00,29.20,87.00,72.92
1996,3.06,5.73,-9.73,-6.66,8.12,9.50,17.31,17.40,-2.54,1.23,73.27,69.49,186.00,180.22,130.00,132.99,267.00,264.36,89.00,64.04,92.00,70.72,54.00,24.50,17.26,9.28,19.18,9.40,20.00,21.73,5603.65,4647.07,7.95,10.56,60.00,63.81,23.00,20.00,14.00,32.57,0.00,0.00,7.40,11.89,136.00,129.00,37.03,42.03,204.00,203.74,104.00,99.56,307.00,301.39,2640.90,2779.95,1699.89,1783.26,903.17,957.47,322.30,322.51,49.94,44.63,78.17,122.94,121.88,110.09,54.55,47.08,60.00,47.74,4.00,6.00,0.00,1.00,22.43,34.69,35.33,41.39,3.18,4.01,8.37,21.49,27.00,29.00,96.00,73.08
1997,5.80,5.75,-9.91,-6.58,9.50,9.51,17.42,17.41,2.78,1.24,76.04,69.42,182.00,180.02,139.00,133.03,262.00,264.43,56.00,63.77,76.00,70.43,19.00,24.20,10.41,9.20,9.32,9.36,16.00,21.91,4592.63,4639.07,11.23,10.61,67.00,63.84,20.00,20.00,33.00,32.79,0.00,0.00,12.88,12.00,122.00,129.00,37.83,42.18,207.00,204.00,105.00,99.37,311.00,301.44,2862.62,2781.54,1868.53,1783.65,1024.43,958.07,211.42,322.30,65.25,44.17,66.50,123.45,79.60,109.71,16.88,47.16,28.00,47.67,3.00,6.00,1.00,1.00,31.41,34.59,32.10,41.32,3.34,4.00,29.05,21.52,27.00,28.80,58.00,73.24
1998,6.63,5.78,-5.94,-6.51,10.60,9.52,19.70,17.42,2.89,1.25,72.15,69.35,170.00,179.83,153.00,133.08,277.00,264.50,56.00,63.50,59.00,70.15,21.00,23.90,3.56,9.13,4.93,9.32,44.00,22.09,4378.58,4631.06,15.62,10.66,86.00,63.88,30.00,20.00,56.00,33.00,0.00,0.00,13.97,12.11,123.00,129.00,72.99,42.34,197.00,204.26,106.00,99.17,302.00,301.50,3046.71,2783.13,2069.59,1784.04,1179.09,958.67,371.20,322.09,44.82,43.71,95.21,123.97,175.52,109.33,32.80,47.23,50.00,47.60,6.00,6.00,2.00,1.00,87.38,34.50,88.93,41.24,5.50,3.98,33.29,21.55,44.00,28.60,66.00,73.40
1999,6.90,5.80,-5.04,-6.44,9.30,9.53,16.61,17.43,4.20,1.25,62.85,69.28,168.00,179.63,132.00,133.12,262.00,264.57,33.00,63.23,39.00,69.86,7.00,23.60,7.95,9.05,7.40,9.27,35.00,22.27,4166.87,4623.06,13.70,10.71,53.00,63.92,18.00,20.00,54.00,33.21,0.00,0.00,12.60,12.22,129.00,129.00,21.36,42.49,246.00,204.53,80.00,98.98,325.00,301.56,2855.13,2784.73,1739.36,1784.42,841.90,959.27,308.26,321.87,60.82,43.25,128.48,124.48,111.99,108.95,31.33,47.30,50.00,47.53,6.00,6.00,1.00,1.00,31.84,34.40,33.25,41.16,4.22,3.96,22.23,21.58,57.00,28.40,70.00,73.56
2000,5.44,5.83,-5.00,-6.37,9.76,9.54,18.05,17.44,-0.55,1.26,69.00,69.20,184.00,179.44,144.00,133.17,264.00,264.64,73.00,62.96,81.00,69.57,25.00,23.30,9.59,8.97,8.22,9.23,7.00,22.45,4767.79,4615.05,9.04,10.76,64.00,63.96,26.00,20.00,19.00,33.43,0.00,0.00,7.95,12.33,119.00,129.00,60.10,42.65,169.00,204.79,107.00,98.78,275.00,301.61,2605.30,2786.32,1773.18,1784.81,987.44,959.87,235.28,321.66,44.72,42.79,88.32,125.00,62.49,108.58,38.20,47.37,41.00,47.45,1.00,6.00,0.00,1.00,17.22,34.30,18.52,41.08,3.10,3.94,5.19,21.61,26.00,28.20,70.00,73.72
2001,6.91,5.85,-5.62,-6.29,9.69,9.55,19.45,17.44,3.53,1.27,66.59,69.13,174.00,179.24,127.00,133.21,275.00,264.71,62.00,62.69,69.00,69.29,14.00,23.00,4.38,8.90,1.64,9.19,32.00,22.64,4305.78,4607.04,16.44,10.80,87.00,64.00,39.00,20.00,29.00,33.64,0.00,0.00,15.34,12.44,147.00,129.00,85.49,42.80,183.00,205.06,112.00,98.59,294.00,301.67,2939.85,2787.91,2033.19,1785.19,1193.80,960.47,166.03,321.45,28.53,42.34,57.69,125.51,49.46,108.20,31.90,47.45,27.00,47.38,1.00,6.00,0.00,1.00,16.18,34.20,17.59,41.00,2.90,3.92,9.75,21.63,37.00,28.00,54.00,73.88
2002,5.35,5.87,-7.69,-6.22,6.24,9.56,17.64,17.45,3.13,1.28,69.39,69.06,183.00,179.05,143.00,133.26,266.00,264.77,56.00,62.42,65.00,69.00,22.00,22.70,14.52,8.82,15.62,9.14,39.00,22.82,4769.86,4599.04,11.23,10.85,57.00,64.04,13.00,20.00,58.00,33.86,0.00,0.00,18.08,12.55,122.00,129.00,49.11,42.96,202.00,205.32,100.00,98.39,301.00,301.72,2560.73,2789.50,1633.78,1785.58,894.71,961.07,476.33,321.23,51.60,41.88,225.97,126.03,136.84,107.82,57.66,47.52,57.00,47.31,10.00,6.00,5.00,1.00,116.99,34.11,127.71,40.92,5.72,3.91,44.34,21.66,48.00,27.80,81.00,74.04
2003,5.88,5.90,-6.28,-6.15,10.01,9.57,18.78,17.46,0.98,1.29,70.27,68.99,170.00,178.85,139.00,133.30,260.00,264.84,74.00,62.15,75.00,68.71,20.00,22.40,9.32,8.74,10.41,9.10,27.00,23.00,4692.59,4591.03,15.62,10.90,76.00,64.08,41.00,20.00,30.00,34.07,0.00,0.00,19.45,12.66,120.00,129.00,100.97,43.11,204.00,205.59,98.00,98.20,301.00,301.78,3009.44,2791.09,2024.74,1785.97,1161.82,961.67,296.63,321.02,46.21,41.42,137.48,126.55,57.81,107.44,55.42,47.59,43.00,47.24,4.00,6.00,1.00,1.00,39.76,34.01,43.42,40.85,3.74,3.89,15.94,21.69,31.00,27.60,74.00,74.20
2004,5.67,5.92,-6.21,-6.08,9.48,9.58,16.43,17.47,2.83,1.30,68.84,68.91,183.00,178.66,144.00,133.35,273.00,264.91,47.00,61.88,48.00,68.43,18.00,22.10,8.77,8.67,9.59,9.06,20.00,23.18,4601.70,4583.03,7.95,10.95,47.00,64.12,11.00,20.00,17.00,34.29,0.00,0.00,10.68,12.77,128.00,129.00,24.75,43.27,208.00,205.85,82.00,98.00,289.00,301.83,2670.16,2792.69,1658.19,1786.35,805.48,962.27,324.13,320.80,44.56,40.96,110.28,127.06,134.38,107.07,23.54,47.66,53.00,47.16,4.00,6.00,1.00,1.00,38.93,33.91,45.59,40.77,3.61,3.87,12.01,21.72,41.00,27.40,87.00,74.36
2005,5.98,5.95,-5.23,-6.00,8.88,9.59,16.48,17.48,1.57,1.31,68.48,68.84,180.00,178.46,131.00,133.39,267.00,264.98,50.00,61.62,53.00,68.14,22.00,21.80,8.49,8.59,9.32,9.01,41.00,23.36,4485.28,4575.02,18.36,10.99,46.00,64.16,17.00,20.00,53.00,34.50,0.00,0.00,13.15,12.88,135.00,129.00,22.75,43.42,211.00,206.12,93.00,97.80,303.00,301.89,2656.42,2794.28,1648.28,1786.74,785.94,962.87,341.67,320.59,48.06,40.50,158.71,127.58,111.92,106.69,38.32,47.74,41.00,47.09,7.00,6.00,4.00,1.00,46.78,33.81,64.10,40.69,4.98,3.85,36.34,21.75,35.00,27.20,67.00,74.52
2006,7.04,5.97,-2.35,-5.93,11.08,9.60,18.51,17.49,0.98,1.32,66.64,68.77,178.00,178.27,124.00,133.44,261.00,265.05,50.00,61.35,46.00,67.85,9.00,21.50,6.03,8.51,8.49,8.97,52.00,23.55,4222.83,4567.02,16.16,11.04,84.00,64.19,40.00,20.00,55.00,34.71,0.00,0.00,14.52,12.99,136.00,129.00,58.66,43.58,214.00,206.38,89.00,97.61,302.00,301.94,2997.43,2795.87,1973.91,1787.13,1126.83,963.47,272.41,320.38,41.27,40.04,149.74,128.09,42.45,106.31,32.87,47.81,48.00,47.02,3.00,6.00,1.00,1.00,39.20,33.72,43.31,40.61,4.03,3.83,11.10,21.78,19.00,27.00,66.00,74.68
2007,6.15,6.00,-4.51,-5.86,9.34,9.60,18.40,17.50,1.08,1.32,69.35,68.69,172.00,178.07,112.00,133.48,256.00,265.12,62.00,61.08,71.00,67.57,16.00,21.20,5.48,8.43,6.30,8.93,14.00,23.73,4551.01,4559.01,13.70,11.09,68.00,64.23,32.00,20.00,30.00,34.93,0.00,0.00,12.33,13.10,143.00,129.00,89.83,43.73,219.00,206.65,103.00,97.41,321.00,302.00,2938.11,2797.46,1898.25,1787.51,1030.33,964.07,295.68,320.16,34.23,39.59,156.10,128.61,58.87,105.94,51.54,47.88,41.00,46.94,7.00,6.00,0.00,1.00,28.26,33.62,36.04,40.53,4.06,3.82,21.01,21.81,23.00,26.80,72.00,74.84
2008,4.91,6.02,-6.80,-5.79,7.53,9.61,17.24,17.50,1.62,1.33,73.44,68.62,186.00,177.88,133.00,133.53,267.00,265.19,66.00,60.81,74.00,67.28,31.00,20.90,13.42,8.36,9.86,8.88,6.00,23.91,4899.09,4551.01,9.59,11.14,67.00,64.27,19.00,20.00,19.00,35.14,0.00,0.00,9.04,13.21,133.00,129.00,40.28,43.88,202.00,206.91,122.00,97.22,323.00,302.06,2636.95,2799.05,1693.28,1787.90,877.98,964.68,351.68,319.95,23.95,39.13,145.29,129.12,129.48,105.56,42.61,47.95,53.00,46.87,8.00,6.00,0.00,1.00,29.01,33.52,33.14,40.45,4.29,3.80,21.67,21.84,19.00,26.60,79.00,75.00
2009,4.39,6.04,-8.84,-5.72,8.28,9.62,17.60,17.51,0.00,1.34,69.05,68.55,190.00,177.68,157.00,133.57,271.00,265.26,80.00,60.54,84.00,66.99,30.00,20.60,13.97,8.28,14.25,8.84,0.00,24.09,5091.54,4543.00,7.67,11.19,64.00,64.31,19.00,20.00,18.00,35.36,0.00,0.00,9.59,13.32,113.00,129.00,28.85,44.04,185.00,207.18,96.00,97.02,280.00,302.11,2569.61,2800.65,1686.75,1788.28,928.23,965.28,341.74,319.74,40.28,38.67,68.36,129.64,161.55,105.18,77.07,48.03,42.00,46.80,10.00,6.00,3.00,1.00,46.82,33.42,47.58,40.38,4.99,3.78,33.85,21.87,32.00,26.40,66.00,75.16
2010,4.83,6.07,-6.95,-5.64,8.23,9.63,15.99,17.52,0.53,1.35,67.47,68.48,177.00,177.49,149.00,133.62,261.00,265.33,78.00,60.27,74.00,66.70,20.00,20.30,9.86,8.20,10.68,8.80,17.00,24.27,4886.87,4534.99,5.21,11.23,48.00,64.35,7.00,20.00,15.00,35.57,0.00,0.00,9.32,13.42,111.00,129.00,10.10,44.19,193.00,207.44,106.00,96.83,298.00,302.17,2524.49,2802.24,1593.08,1788.67,796.09,965.88,447.17,319.52,22.90,38.21,265.39,130.15,112.78,104.80,49.01,48.10,52.00,46.73,14.00,6.00,2.00,1.00,75.41,33.33,82.05,40.30,5.14,3.76,41.65,21.90,20.00,26.20,86.00,75.32
2011,,6.09,,-5.57,,9.64,,17.53,,1.36,,68.40,,177.29,,133.66,,265.40,,60.00,,66.42,,20.00,,8.13,,8.75,,24.45,,4526.99,,11.28,,64.39,,20.00,,35.79,,0.00,,13.53,,129.00,,44.35,,207.71,,96.63,,302.22,,2803.83,,1789.06,,966.48,,319.31,,37.75,,130.67,,104.43,,48.17,,46.65,,6.00,,1.00,,33.23,,40.22,,3.74,,21.93,,26.00,,75.48
