Station:,"52.4705,-111.8044",,,,Station ID:,42,,Begin Yr:,1949,,,,,,,,,,,,,,,,,,,,,,,,,,,,,,,,,,,,,,,,,,,,,,,,,,,,,,,,,,,,,,,,,,,,,,,,,,,,,,,
Lat:,52.47050095,Lon:,-111.8043976,,Country:,Canada,,End Yr:,2011,,,,,,,,,,,,,,,,,,,,,,,,,,,,,,,,,,,,,,,,,,,,,,,,,,,,,,,,,,,,,,,,,,,,,,,,,,,,,,,
Trend (/yr):,,,,,,,,,,,,,,,,,,,,,,,,,,,,,,,,,,,,,,,,,,,,,,,,,,,,,,,,,,,,,,,,,,,,,,,,,,,,,,,,,,,,,,,,
Significance:,,,,,,,,,,,,,,,,,,,,,,,,,,,,,,,,,,,,,,,,,,,,,,,,,,,,,,,,,,,,,,,,,,,,,,,,,,,,,,,,,,,,,,,,
Year,01TMEAN,01TMEAN Trendline,02TWinter,02TWinter Trendline,03TSpring,03TSpring Trendline,04TSummer,04TSummer Trendline,05TFall,05TFall Trendline,06TRange,06TRange Trendline,21FrostDays,21FrostDays Trendline,22FrostLast,22FrostLast Trendline,23FrostFirst,23FrostFirst Trendline,24IceDays,24IceDays Trendline,25Tmin10,25Tmin10 Trendline,26Tmin20,26Tmin20 Trendline,27ColdNights,27ColdNights Trendline,28ColdDays,28ColdDays Trendline,29ColdSpell,29ColdSpell Trendline,30HeatingDD,30HeatingDD Trendline,40Tmax90,40Tmax90 Trendline,41SummerDays,41SummerDays Trendline,42Tmax30,42Tmax30 Trendline,43HWDI,43HWDI Trendline,44TropNight,44TropNight Trendline,45Tmin90,45Tmin90 Trendline,46FrostFree,46FrostFree Trendline,47CoolingDD,47CoolingDD Trendline,61GSL,61GSL Trendline,62GSLBegin,62GSLBegin Trendline,63GSLEnd,63GSLEnd Trendline,64GDD0,64GDD0 Trendline,65GDD5,65GDD5 Trendline,66GDD10,66GDD10 Trendline,81PAnnual,81PAnnual Trendline,82PWinter,82PWinter Trendline,83PSpring,83PSpring Trendline,84PSummer,84PSummer Trendline,85PFall,85PFall Trendline,86Pge2,86Pge2 Trendline,87Pge10,87Pge10 Trendline,88Pge20,88Pge20 Trendline,89P3days,89P3days Trendline,90P5days,90P5days Trendline,91SDPI,91SDPI Trendline,92Pge95,92Pge95 Trendline,93DryPeriod,93DryPeriod Trendline,94PDays1,94PDays1 Trendline
1949,,,,,,,,,,,,,,,,,,,,,,,,,,,,,,,,,,,,,,,,,,,,,,,,,,,,,,,,,,,,,,,,,,,,,,,,,,,,,,,,,,,,,,,,
1950,-0.03,1.98,-19.31,-13.75,6.69,7.42,15.14,15.06,-4.82,-1.58,77.82,70.67,218.00,202.20,158.00,140.65,253.00,253.59,129.00,104.00,129.00,107.00,69.00,47.92,20.00,12.24,15.89,10.96,0.00,9.77,6628.90,5863.93,6.58,7.14,42.00,31.80,6.00,5.58,9.00,14.67,0.00,0.00,1.92,6.91,94.00,112.00,4.19,6.00,144.00,178.38,127.00,115.00,270.00,291.39,2071.55,2310.22,1352.52,1424.52,672.46,671.56,347.51,408.23,35.28,59.47,46.27,95.54,163.52,201.13,102.44,54.35,59.00,55.00,6.00,9.00,1.00,2.00,39.67,46.08,50.61,51.24,4.44,5.20,18.49,20.13,29.00,27.90,78.00,73.11
1951,-0.01,2.01,-16.24,-13.67,7.28,7.44,14.27,15.07,-5.12,-1.56,68.34,70.69,205.00,202.00,151.00,140.51,264.00,253.78,139.00,103.67,137.00,106.60,65.00,47.60,20.27,12.15,19.45,10.90,0.00,10.08,6606.80,5853.31,3.84,7.22,26.00,32.00,3.00,5.65,0.00,15.10,0.00,0.00,4.66,6.99,112.00,112.33,4.36,6.07,151.00,178.56,115.00,114.86,265.00,291.44,2012.02,2312.92,1260.07,1426.72,579.48,673.45,453.15,408.29,84.69,59.15,118.18,96.32,178.05,200.74,72.23,54.15,76.00,55.00,10.00,9.00,1.00,2.00,47.94,45.99,52.52,51.16,5.45,5.18,13.15,20.15,28.00,27.95,83.00,73.33
1952,2.93,2.04,-15.17,-13.58,9.08,7.46,14.50,15.08,1.14,-1.55,66.24,70.70,186.00,201.80,127.00,140.37,248.00,253.96,101.00,103.33,110.00,106.20,34.00,47.29,9.32,12.05,6.58,10.83,6.00,10.38,5517.51,5842.68,8.49,7.30,31.00,32.20,3.00,5.72,22.00,15.53,0.00,0.00,5.75,7.07,120.00,112.67,0.02,6.14,216.00,178.73,101.00,114.71,316.00,291.49,2567.60,2315.61,1548.22,1428.91,650.47,675.33,299.29,408.35,33.46,58.84,87.04,97.11,158.62,200.35,20.17,53.94,54.00,55.00,6.00,9.00,0.00,2.00,34.97,45.90,39.20,51.09,5.32,5.17,11.14,20.17,68.00,28.00,56.00,73.55
1953,3.35,2.07,-10.74,-13.50,6.16,7.48,15.18,15.10,1.65,-1.54,69.12,70.71,205.00,201.60,137.00,140.23,264.00,254.15,83.00,103.00,102.00,105.80,23.00,46.97,7.67,11.96,6.85,10.77,12.00,10.69,5396.04,5832.06,9.04,7.38,30.00,32.40,7.00,5.79,34.00,15.96,0.00,0.00,4.11,7.14,126.00,113.00,9.47,6.21,193.00,178.91,110.00,114.57,302.00,291.55,2375.66,2318.31,1431.84,1431.11,634.81,677.22,465.30,408.41,76.05,58.52,126.05,97.89,244.96,199.96,12.93,53.74,65.00,55.00,12.00,9.00,3.00,2.00,52.45,45.81,57.53,51.02,5.84,5.16,21.45,20.19,43.00,28.05,79.00,73.77
1954,2.15,2.10,-11.12,-13.42,3.03,7.50,14.39,15.11,2.38,-1.52,73.42,70.73,210.00,201.40,151.00,140.09,263.00,254.33,89.00,102.67,82.00,105.40,39.00,46.65,17.53,11.87,19.73,10.70,44.00,11.00,5810.81,5821.43,11.23,7.46,18.00,32.60,3.00,5.86,61.00,16.39,0.00,0.00,12.05,7.22,111.00,113.33,5.28,6.28,148.00,179.08,124.00,114.43,271.00,291.60,1909.22,2321.00,1173.16,1433.31,503.73,679.11,445.45,408.47,35.01,58.20,157.64,98.67,236.61,199.57,12.59,53.53,71.00,55.00,10.00,9.00,1.00,2.00,37.94,45.72,46.84,50.94,4.42,5.14,9.48,20.20,40.00,28.10,99.00,73.98
1955,0.66,2.13,-11.59,-13.34,6.09,7.52,15.13,15.13,-7.11,-1.51,69.36,70.74,200.00,201.20,127.00,139.95,252.00,254.52,128.00,102.33,127.00,105.00,69.00,46.33,16.44,11.78,17.26,10.64,0.00,11.31,6384.55,5810.81,6.03,7.54,32.00,32.80,6.00,5.93,7.00,16.82,0.00,0.00,4.38,7.30,124.00,113.67,15.38,6.35,180.00,179.26,120.00,114.29,299.00,291.65,2181.13,2323.69,1315.70,1435.51,624.50,681.00,396.94,408.54,40.38,57.89,108.05,99.46,189.04,199.18,53.12,53.33,51.00,55.00,10.00,9.00,1.00,2.00,45.23,45.63,52.29,50.87,5.61,5.13,23.47,20.22,30.00,28.15,70.00,74.20
1956,1.84,2.16,-15.70,-13.26,7.32,7.54,14.72,15.14,-1.82,-1.49,70.41,70.75,207.00,201.00,133.00,139.81,246.00,254.70,100.00,102.00,96.00,104.60,60.00,46.01,12.33,11.69,12.33,10.57,31.00,11.62,5945.50,5800.18,7.67,7.62,35.00,33.00,4.00,6.00,28.00,17.25,0.00,0.00,10.41,7.37,112.00,114.00,5.27,6.42,171.00,179.43,124.00,114.14,294.00,291.70,2280.05,2326.39,1439.90,1437.70,708.31,682.88,399.84,408.60,80.09,57.57,52.81,100.24,213.81,198.79,68.39,53.12,57.00,55.00,13.00,9.00,1.00,2.00,34.36,45.54,39.74,50.80,5.61,5.11,9.95,20.24,25.00,28.20,71.00,74.42
1957,2.90,2.19,-11.32,-13.18,8.35,7.56,14.86,15.16,0.03,-1.48,66.39,70.77,204.00,200.80,142.00,139.67,261.00,254.89,103.00,101.67,91.00,104.20,32.00,45.69,9.86,11.60,9.59,10.51,21.00,11.92,5545.03,5789.55,7.12,7.70,36.00,33.20,5.00,6.07,32.00,17.68,0.00,0.00,7.95,7.45,118.00,114.33,5.02,6.49,172.00,179.60,105.00,114.00,276.00,291.75,2314.57,2329.08,1466.26,1439.90,718.20,684.77,346.30,408.66,38.31,57.25,76.39,101.02,191.08,198.40,40.52,52.91,54.00,55.00,7.00,9.00,1.00,2.00,45.36,45.45,45.99,50.72,5.18,5.10,7.83,20.26,30.00,28.25,65.00,74.64
1958,3.43,2.22,-10.28,-13.10,8.48,7.58,16.07,15.17,-1.92,-1.46,69.89,70.78,189.00,200.60,162.00,139.53,246.00,255.07,101.00,101.33,95.00,103.80,28.00,45.37,10.14,11.51,6.85,10.44,8.00,12.23,5392.49,5778.93,9.86,7.78,49.00,33.40,13.00,6.14,15.00,18.11,0.00,0.00,7.95,7.53,83.00,114.67,10.17,6.56,208.00,179.78,100.00,113.86,307.00,291.80,2557.28,2331.78,1575.92,1442.10,763.95,686.66,284.61,408.72,53.32,56.94,60.92,101.81,105.60,198.01,62.48,52.71,47.00,55.00,4.00,9.00,0.00,2.00,36.96,45.36,39.02,50.65,3.66,5.08,0.00,20.27,40.00,28.30,75.00,74.86
1959,2.64,2.25,-11.46,-13.02,7.72,7.61,14.48,15.18,-0.95,-1.45,73.30,70.80,205.00,200.40,147.00,139.39,252.00,255.25,83.00,101.00,75.00,103.40,39.00,45.05,14.52,11.42,13.15,10.38,44.00,12.54,5653.37,5768.30,7.95,7.86,32.00,33.60,7.00,6.21,34.00,18.54,0.00,0.00,8.22,7.60,104.00,115.00,10.44,6.63,179.00,179.95,100.00,113.71,278.00,291.86,2096.88,2334.47,1265.31,1444.29,573.93,688.54,406.48,408.78,31.98,56.62,80.03,102.59,214.53,197.62,73.46,52.50,55.00,55.00,9.00,9.00,1.00,2.00,35.54,45.27,53.71,50.58,4.92,5.07,11.79,20.29,25.00,28.35,79.00,75.07
1960,2.89,2.28,-11.66,-12.93,7.37,7.63,16.21,15.20,-1.30,-1.43,70.43,70.81,200.00,200.20,145.00,139.25,259.00,255.44,99.00,100.67,98.00,103.00,44.00,44.74,9.04,11.32,5.75,10.31,10.00,12.85,5592.00,5757.68,10.41,7.95,44.00,33.80,8.00,6.28,7.00,18.97,0.00,0.00,10.68,7.68,113.00,115.33,17.81,6.70,204.00,180.13,98.00,113.57,301.00,291.91,2421.43,2337.17,1461.05,1446.49,717.24,690.43,341.17,408.84,52.29,56.30,64.18,103.37,187.36,197.23,43.72,52.30,45.00,55.00,7.00,9.00,2.00,2.00,60.94,45.18,60.94,50.50,4.83,5.06,24.03,20.31,30.00,28.40,67.00,75.29
1961,3.18,2.31,-7.83,-12.85,9.03,7.65,16.41,15.21,-4.73,-1.42,75.07,70.82,211.00,200.00,137.00,139.11,254.00,255.62,87.00,100.33,101.00,102.60,39.00,44.42,12.33,11.23,10.96,10.25,16.00,13.15,5565.73,5747.05,19.73,8.03,75.00,34.00,28.00,6.35,55.00,19.40,0.00,0.00,13.42,7.76,116.00,115.67,42.45,6.77,174.00,180.30,120.00,113.43,293.00,291.96,2465.49,2339.86,1652.46,1448.69,948.08,692.32,321.24,408.90,45.31,55.99,104.94,104.16,115.54,196.84,50.38,52.09,53.00,55.00,6.00,9.00,0.00,2.00,22.88,45.09,32.37,50.43,4.76,5.04,4.98,20.33,36.00,28.44,64.00,75.51
1962,2.95,2.34,-13.67,-12.77,7.69,7.67,14.60,15.23,2.44,-1.41,75.18,70.84,191.00,199.80,130.00,138.97,246.00,255.81,82.00,100.00,96.00,102.20,50.00,44.10,9.86,11.14,8.22,10.18,16.00,13.46,5529.49,5736.43,11.78,8.11,27.00,34.20,3.00,6.42,20.00,19.83,0.00,0.00,8.77,7.83,115.00,116.00,4.64,6.84,211.00,180.48,103.00,113.29,313.00,292.01,2496.00,2342.56,1478.82,1450.89,635.96,694.20,494.93,408.97,56.29,55.67,115.03,104.94,281.88,196.45,41.19,51.89,55.00,55.00,9.00,9.00,4.00,2.00,123.90,45.00,140.04,50.36,6.30,5.03,38.81,20.35,24.00,28.49,75.00,75.73
1963,3.69,2.37,-10.52,-12.69,8.13,7.69,16.08,15.24,-0.84,-1.39,66.87,70.85,188.00,199.60,142.00,138.84,271.00,255.99,79.00,99.67,78.00,101.80,42.00,43.78,7.95,11.05,6.85,10.12,27.00,13.77,5288.93,5725.80,12.33,8.19,41.00,34.40,2.00,6.49,26.00,20.26,0.00,0.00,13.15,7.91,128.00,116.33,6.98,6.91,190.00,180.65,113.00,113.14,302.00,292.06,2539.62,2345.25,1616.29,1453.08,806.52,696.09,532.09,409.03,85.07,55.35,101.38,105.72,316.35,196.06,36.97,51.68,55.00,55.00,10.00,9.00,5.00,2.00,99.28,44.91,103.09,50.28,7.09,5.01,44.92,20.36,18.00,28.54,72.00,75.95
1964,2.52,2.40,-6.74,-12.61,6.81,7.71,14.61,15.26,-3.07,-1.38,71.97,70.86,199.00,199.40,135.00,138.70,249.00,256.18,89.00,99.33,98.00,101.40,37.00,43.46,10.96,10.96,9.32,10.05,16.00,14.08,5700.97,5715.18,8.22,8.27,34.00,34.60,8.00,6.56,15.00,20.69,0.00,0.00,7.12,7.99,113.00,116.67,10.33,6.98,181.00,180.83,118.00,113.00,298.00,292.12,2269.31,2347.95,1375.11,1455.28,622.75,697.98,411.00,409.09,48.51,55.04,108.89,106.51,173.18,195.67,68.22,51.48,48.00,55.00,9.00,9.00,2.00,2.00,48.08,44.82,58.32,50.21,5.29,5.00,24.60,20.38,19.00,28.59,72.00,76.17
1965,1.24,2.43,-15.16,-12.53,5.23,7.73,14.53,15.27,-0.85,-1.36,69.83,70.88,217.00,199.20,141.00,138.56,249.00,256.36,108.00,99.00,117.00,101.00,58.00,43.14,14.79,10.87,18.08,9.99,0.00,14.38,6196.35,5704.55,7.95,8.35,38.00,34.80,12.00,6.63,29.00,21.13,0.00,0.00,6.03,8.07,107.00,117.00,13.99,7.05,145.00,181.00,113.00,112.86,257.00,292.17,1995.92,2350.64,1274.43,1457.48,648.97,699.87,381.34,409.15,94.41,54.72,113.68,107.29,144.60,195.28,30.31,51.27,53.00,55.00,7.00,9.00,2.00,2.00,38.25,44.73,42.45,50.13,4.32,4.98,16.38,20.40,39.00,28.64,82.00,76.38
1966,1.52,2.46,-15.91,-12.45,7.21,7.75,15.75,15.29,-3.53,-1.35,70.24,70.89,201.00,199.00,158.00,138.42,273.00,256.54,112.00,98.67,122.00,100.60,49.00,42.82,14.52,10.78,13.97,9.92,16.00,14.69,6061.02,5693.93,7.40,8.43,36.00,35.00,5.00,6.70,18.00,21.56,0.00,0.00,8.22,8.14,114.00,117.33,3.35,7.12,199.00,181.17,87.00,112.71,285.00,292.22,2388.50,2353.34,1479.35,1459.68,705.44,701.75,396.32,409.21,61.76,54.40,81.89,108.07,206.48,194.89,53.98,51.07,42.00,55.00,9.00,9.00,3.00,2.00,66.34,44.64,72.31,50.06,4.96,4.97,30.93,20.42,26.00,28.69,76.00,76.60
1967,2.40,2.49,-12.81,-12.36,4.93,7.77,17.38,15.30,-0.09,-1.33,71.21,70.90,210.00,198.80,155.00,138.28,269.00,256.73,104.00,98.33,112.00,100.20,44.00,42.51,12.60,10.68,9.59,9.86,6.00,15.00,5789.92,5683.30,10.41,8.51,63.00,35.20,12.00,6.77,18.00,21.99,0.00,0.00,9.59,8.22,113.00,117.67,12.26,7.19,164.00,181.35,133.00,112.57,296.00,292.27,2376.26,2356.03,1568.19,1461.87,849.32,703.64,340.85,409.27,66.52,54.09,109.61,108.86,74.40,194.50,73.74,50.86,51.00,55.00,5.00,9.00,2.00,2.00,41.97,44.55,43.36,49.99,4.28,4.95,14.29,20.43,39.00,28.74,77.00,76.82
1968,2.98,2.52,-9.58,-12.28,8.19,7.79,14.33,15.31,-0.50,-1.32,70.29,70.92,194.00,198.60,138.00,138.14,267.00,256.91,79.00,98.00,72.00,99.80,38.00,42.19,9.32,10.59,7.40,9.79,40.00,15.31,5522.34,5672.68,12.60,8.59,22.00,35.40,3.00,6.84,45.00,22.42,0.00,0.00,10.68,8.30,128.00,118.00,7.23,7.26,168.00,181.52,113.00,112.43,280.00,292.32,2132.97,2358.73,1304.69,1464.07,590.97,705.53,424.64,409.34,49.13,53.77,70.56,109.64,265.82,194.11,46.87,50.65,52.00,55.00,9.00,9.00,4.00,2.00,66.40,44.46,67.24,49.91,5.35,4.94,27.72,20.45,36.00,28.79,76.00,77.04
1969,1.67,2.55,-18.91,-12.20,8.35,7.81,15.34,15.33,-0.98,-1.30,76.64,70.93,197.00,198.40,164.00,138.00,258.00,257.10,110.00,97.67,113.00,99.40,53.00,41.87,13.42,10.50,12.05,9.73,8.00,15.62,6022.13,5662.05,7.67,8.67,42.00,35.60,9.00,6.91,9.00,22.85,0.00,0.00,7.95,8.37,93.00,118.33,7.77,7.33,184.00,181.70,100.00,112.29,283.00,292.38,2383.50,2361.42,1480.05,1466.27,712.56,707.41,421.34,409.40,80.42,53.46,47.66,110.42,220.25,193.72,81.43,50.45,50.00,55.00,12.00,9.00,4.00,2.00,44.51,44.37,51.38,49.84,5.83,4.93,34.52,20.47,22.00,28.84,68.00,77.26
1970,1.82,2.58,-11.89,-12.12,7.96,7.83,15.82,15.34,-5.11,-1.29,74.75,70.95,213.00,198.20,133.00,137.86,252.00,257.28,112.00,97.33,111.00,99.00,54.00,41.55,7.12,10.41,9.59,9.66,0.00,15.92,5999.99,5651.43,7.67,8.75,46.00,35.80,12.00,6.98,14.00,23.28,0.00,0.00,7.12,8.45,118.00,118.67,18.29,7.40,158.00,181.87,121.00,112.14,278.00,292.43,2308.77,2364.12,1536.08,1468.46,826.71,709.30,433.62,409.46,60.38,53.14,113.36,111.21,168.22,193.33,93.19,50.24,55.00,55.00,10.00,9.00,3.00,2.00,57.36,44.28,64.47,49.77,4.80,4.91,25.11,20.49,15.00,28.89,86.00,77.47
1971,2.09,2.61,-12.30,-12.04,7.39,7.85,15.97,15.36,-2.75,-1.28,73.22,70.96,196.00,198.00,135.00,137.72,260.00,257.47,111.00,97.00,110.00,98.60,55.00,41.23,9.04,10.32,9.86,9.60,8.00,16.23,5898.98,5640.80,8.77,8.83,48.00,36.00,11.00,7.05,0.00,23.71,0.00,0.00,7.95,8.53,124.00,119.00,19.67,7.47,168.00,182.05,120.00,112.00,287.00,292.48,2371.10,2366.81,1539.08,1470.66,777.42,711.19,358.42,409.52,65.26,52.82,80.73,111.99,161.25,192.94,43.89,50.04,39.00,55.00,6.00,9.00,2.00,2.00,52.95,44.19,52.95,49.69,4.48,4.90,27.09,20.51,27.00,28.94,74.00,77.69
1972,1.27,2.64,-15.71,-11.96,8.63,7.87,14.40,15.37,-4.20,-1.26,76.78,70.97,215.00,197.80,128.00,137.58,255.00,257.65,115.00,96.67,105.00,98.20,59.00,40.91,14.52,10.23,16.99,9.53,17.00,16.54,6156.29,5630.17,5.75,8.91,30.00,36.20,5.00,7.12,7.00,24.14,0.00,0.00,7.67,8.60,126.00,119.33,1.58,7.54,150.00,182.22,114.00,111.86,263.00,292.53,2099.34,2369.51,1352.93,1472.86,676.95,713.07,442.56,409.58,83.79,52.51,110.66,112.77,220.88,192.55,33.35,49.83,52.00,55.00,12.00,9.00,2.00,2.00,31.47,44.09,38.72,49.62,4.80,4.88,17.90,20.52,20.00,28.99,87.00,77.91
1973,2.65,2.67,-8.91,-11.88,7.90,7.89,15.27,15.39,-4.09,-1.25,66.10,70.99,203.00,197.60,132.00,137.44,257.00,257.84,103.00,96.33,104.00,97.80,34.00,40.59,9.04,10.14,8.77,9.47,27.00,16.85,5651.99,5619.55,7.67,8.99,31.00,36.40,5.00,7.19,25.00,24.57,0.00,0.00,6.58,8.68,124.00,119.67,4.57,7.61,183.00,182.40,122.00,111.71,304.00,292.58,2307.44,2372.20,1418.53,1475.06,684.46,714.96,585.55,409.64,41.21,52.19,202.12,113.56,243.79,192.16,96.94,49.63,57.00,55.00,10.00,9.00,6.00,2.00,130.22,44.00,134.43,49.55,7.15,4.87,46.36,20.54,28.00,29.04,79.00,78.13
1974,2.56,2.70,-13.24,-11.79,5.96,7.91,14.58,15.40,1.37,-1.23,72.05,71.00,197.00,197.40,140.00,137.30,244.00,258.02,103.00,96.00,101.00,97.40,29.00,40.27,9.32,10.05,12.05,9.40,0.00,17.15,5690.09,5608.92,8.22,9.07,28.00,36.60,3.00,7.26,16.00,25.00,0.00,0.00,8.77,8.76,103.00,120.00,7.17,7.68,199.00,182.57,111.00,111.57,309.00,292.64,2319.68,2374.89,1379.77,1477.25,643.91,716.85,477.69,409.70,130.33,51.87,153.76,114.34,158.09,191.77,35.11,49.42,71.00,55.00,12.00,9.00,1.00,2.00,44.34,43.91,53.10,49.47,4.55,4.85,14.81,20.56,38.00,29.09,103.00,78.35
1975,1.69,2.73,-12.16,-11.71,4.81,7.94,15.09,15.41,-1.97,-1.22,71.25,71.01,196.00,197.20,121.00,137.16,254.00,258.20,117.00,95.67,123.00,97.00,48.00,39.96,13.15,9.95,12.88,9.34,12.00,17.46,6018.82,5598.30,8.77,9.15,33.00,36.80,6.00,7.33,25.00,25.43,0.00,0.00,7.40,8.83,132.00,120.33,13.99,7.75,169.00,182.74,112.00,111.43,280.00,292.69,2209.33,2377.59,1373.93,1479.45,619.60,718.74,452.33,409.77,52.28,51.56,163.68,115.12,169.20,191.38,49.74,49.22,64.00,55.00,6.00,9.00,2.00,2.00,40.91,43.82,42.87,49.40,4.13,4.84,13.21,20.58,25.00,29.14,105.00,78.56
1976,4.36,2.76,-8.54,-11.63,9.51,7.96,15.98,15.43,0.22,-1.20,70.76,71.03,179.00,197.00,132.00,137.03,277.00,258.39,73.00,95.33,80.00,96.60,31.00,39.64,7.40,9.86,5.48,9.27,21.00,17.77,5033.65,5587.67,13.42,9.23,42.00,37.00,2.00,7.40,36.00,25.86,0.00,0.00,14.52,8.91,144.00,120.67,3.04,7.82,194.00,182.92,94.00,111.29,287.00,292.74,2604.45,2380.28,1653.02,1481.65,790.14,720.62,366.75,409.83,63.39,51.24,95.50,115.91,186.73,190.99,41.27,49.01,55.00,55.00,5.00,9.00,0.00,2.00,46.45,43.73,47.49,49.33,4.52,4.82,15.33,20.59,39.00,29.19,79.00,78.78
1977,3.43,2.79,-6.85,-11.55,9.69,7.98,14.06,15.44,-3.51,-1.19,77.98,71.04,185.00,196.80,121.00,136.89,271.00,258.57,71.00,95.00,84.00,96.20,39.00,39.32,9.59,9.77,9.04,9.21,39.00,18.08,5362.44,5577.05,13.15,9.31,30.00,37.20,7.00,7.47,49.00,26.29,0.00,0.00,9.86,8.99,149.00,121.00,6.00,7.89,210.00,183.09,94.00,111.14,303.00,292.79,2496.77,2382.98,1485.11,1483.84,647.01,722.51,409.95,409.89,23.43,50.92,152.08,116.69,167.33,190.60,67.12,48.81,54.00,55.00,7.00,9.00,4.00,2.00,41.23,43.64,43.34,49.25,4.72,4.81,30.28,20.61,45.00,29.23,83.00,79.00
1978,2.47,2.82,-13.93,-11.47,8.67,8.00,15.55,15.46,-0.80,-1.17,70.71,71.05,179.00,196.60,132.00,136.75,263.00,258.76,103.00,94.67,104.00,95.80,56.00,39.00,5.48,9.68,8.22,9.14,9.00,18.38,5739.19,5566.42,5.75,9.39,43.00,37.40,9.00,7.54,0.00,26.72,0.00,0.00,9.86,9.06,130.00,121.33,9.47,7.96,186.00,183.27,112.00,111.00,297.00,292.84,2470.44,2385.67,1545.32,1486.04,735.32,724.40,463.73,409.95,56.31,50.61,149.18,117.47,191.13,190.21,64.09,48.60,65.00,55.00,8.00,9.00,1.00,2.00,40.01,43.55,54.48,49.18,4.33,4.80,6.76,20.63,31.00,29.28,102.00,79.22
1979,2.55,2.85,-15.07,-11.39,5.82,8.02,16.41,15.47,0.72,-1.16,71.61,71.07,197.00,196.40,151.00,136.61,276.00,258.94,100.00,94.33,95.00,95.40,54.00,38.68,7.40,9.59,10.68,9.08,19.00,18.69,5709.04,5555.80,10.14,9.47,37.00,37.60,6.00,7.61,19.00,27.15,0.00,0.00,12.60,9.14,124.00,121.67,13.28,8.03,175.00,183.44,115.00,110.86,289.00,292.90,2392.20,2388.37,1538.61,1488.24,765.28,726.28,402.88,410.01,56.28,50.29,107.33,118.26,197.87,189.82,46.72,48.40,60.00,55.00,6.00,9.00,1.00,2.00,46.33,43.46,46.33,49.10,4.77,4.78,13.61,20.65,23.00,29.33,80.00,79.44
1980,3.17,2.88,-11.66,-11.31,10.42,8.04,14.12,15.49,-0.31,-1.15,66.58,71.08,183.00,196.20,151.00,136.47,259.00,259.13,91.00,94.00,103.00,95.00,47.00,38.36,5.75,9.50,7.12,9.01,8.00,19.00,5439.84,5545.17,12.88,9.55,42.00,37.80,2.00,7.68,44.00,27.58,0.00,0.00,12.88,9.22,107.00,122.00,1.10,8.10,193.00,183.62,101.00,110.71,293.00,292.95,2572.83,2391.06,1617.16,1490.44,751.71,728.17,506.71,410.07,62.34,49.97,125.57,119.04,261.92,189.43,53.39,48.19,69.00,55.00,13.00,9.00,2.00,2.00,38.35,43.37,59.30,49.03,5.01,4.77,18.70,20.67,36.00,29.38,99.00,79.65
1981,5.58,2.91,-5.19,-11.23,8.98,8.06,17.53,15.50,0.82,-1.13,66.99,71.10,190.00,196.00,124.00,136.33,268.00,259.31,68.00,93.67,63.00,94.60,12.00,38.04,5.75,9.41,3.56,8.94,92.00,19.31,4653.81,5534.55,16.44,9.63,49.00,38.00,18.00,7.75,44.00,28.01,0.00,0.00,18.36,9.30,143.00,122.33,24.15,8.17,189.00,183.79,105.00,110.57,293.00,293.00,2618.83,2393.76,1693.53,1492.63,880.10,730.06,305.95,410.13,37.74,49.66,105.45,119.82,130.41,189.04,30.65,47.98,44.00,55.00,4.00,9.00,2.00,2.00,31.10,43.28,34.43,48.96,4.17,4.75,21.46,20.68,20.00,29.43,70.00,79.87
1982,1.05,2.94,-16.80,-11.14,6.44,8.08,15.11,15.52,-2.32,-1.12,72.17,71.11,200.00,195.80,150.00,136.19,256.00,259.50,124.00,93.33,127.00,94.20,61.00,37.73,11.23,9.32,13.70,8.88,0.00,19.62,6224.16,5523.92,5.21,9.71,26.00,38.20,2.00,7.83,0.00,28.44,0.00,0.00,5.21,9.37,105.00,122.67,3.09,8.24,186.00,183.97,116.00,110.43,301.00,293.05,2319.48,2396.45,1432.66,1494.83,687.76,731.94,542.51,410.20,98.17,49.34,135.53,120.60,250.74,188.65,58.52,47.78,67.00,55.00,13.00,9.00,6.00,2.00,58.03,43.19,72.96,48.88,5.42,4.74,31.63,20.70,32.00,29.48,98.00,80.09
1983,3.11,2.97,-7.68,-11.06,8.05,8.10,15.61,15.53,-3.06,-1.10,71.90,71.12,196.00,195.60,132.00,136.05,262.00,259.68,105.00,93.00,90.00,93.80,33.00,37.41,6.85,9.22,7.12,8.81,23.00,19.92,5502.65,5513.30,7.12,9.79,38.00,38.40,3.00,7.90,0.00,28.87,0.00,0.00,11.23,9.45,129.00,123.00,12.72,8.31,205.00,184.14,105.00,110.29,309.00,293.10,2468.06,2399.15,1505.47,1497.03,751.07,733.83,433.55,410.26,39.40,49.02,148.42,121.39,195.01,188.26,46.93,47.57,56.00,55.00,8.00,9.00,2.00,2.00,95.21,43.10,104.19,48.81,5.17,4.72,35.13,20.72,21.00,29.53,81.00,80.31
1984,3.26,3.00,-7.85,-10.98,8.71,8.12,16.18,15.54,-4.16,-1.09,71.15,71.14,193.00,195.40,131.00,135.91,266.00,259.86,97.00,92.67,93.00,93.40,34.00,37.09,9.32,9.13,12.33,8.75,32.00,20.23,5489.48,5502.67,11.23,9.87,52.00,38.60,12.00,7.97,29.00,29.31,0.00,0.00,15.62,9.53,134.00,123.33,24.56,8.38,172.00,184.31,94.00,110.14,265.00,293.16,2277.98,2401.84,1438.96,1499.22,751.58,735.72,436.69,410.32,42.83,48.71,147.57,122.17,178.73,187.87,66.91,47.37,62.00,55.00,9.00,9.00,2.00,2.00,60.01,43.01,67.90,48.74,4.69,4.71,20.75,20.74,23.00,29.58,90.00,80.53
1985,2.70,3.03,-11.13,-10.90,8.71,8.14,14.27,15.56,-4.43,-1.07,70.61,71.15,195.00,195.20,154.00,135.77,249.00,260.05,79.00,92.33,81.00,93.00,37.00,36.77,14.79,9.04,12.88,8.68,19.00,20.54,5638.10,5492.05,9.86,9.95,36.00,38.80,8.00,8.04,34.00,29.74,0.00,0.00,9.59,9.60,94.00,123.67,7.93,8.45,204.00,184.49,98.00,110.00,301.00,293.21,2293.58,2404.54,1356.13,1501.42,604.29,737.60,417.03,410.38,37.16,48.39,142.34,122.95,172.69,187.48,69.94,47.16,48.00,55.00,6.00,9.00,3.00,2.00,47.91,42.92,47.91,48.66,4.95,4.69,26.36,20.75,20.00,29.63,80.00,80.74
1986,4.15,3.06,-5.98,-10.82,9.28,8.16,13.94,15.57,-1.18,-1.06,73.04,71.16,185.00,195.00,136.00,135.63,249.00,260.23,78.00,92.00,84.00,92.60,24.00,36.45,9.32,8.95,11.51,8.62,44.00,20.85,5119.37,5481.42,14.52,10.03,34.00,39.00,9.00,8.11,57.00,30.17,0.00,0.00,16.16,9.68,112.00,124.00,14.83,8.52,208.00,184.66,94.00,109.86,301.00,293.26,2434.29,2407.23,1450.79,1503.62,673.41,739.49,478.95,410.44,43.72,48.08,131.84,123.74,219.48,187.09,85.21,46.96,63.00,55.00,11.00,9.00,3.00,2.00,39.00,42.83,44.28,48.59,4.42,4.68,23.10,20.77,22.00,29.68,106.00,80.96
1987,5.53,3.09,-4.99,-10.74,10.14,8.18,14.81,15.59,2.03,-1.04,58.51,71.18,183.00,194.80,141.00,135.49,278.00,260.42,59.00,91.67,66.00,92.20,5.00,36.13,7.40,8.86,6.03,8.55,47.00,21.15,4623.11,5470.79,17.53,10.11,44.00,39.20,13.00,8.18,56.00,30.60,0.00,0.00,12.33,9.76,136.00,124.33,18.57,8.59,198.00,184.84,93.00,109.71,290.00,293.31,2589.82,2409.93,1630.07,1505.82,776.59,741.38,399.61,410.50,62.54,47.76,56.60,124.52,251.72,186.70,24.88,46.75,58.00,55.00,8.00,9.00,4.00,2.00,41.08,42.74,48.00,48.52,4.98,4.67,29.55,20.79,24.00,29.73,78.00,81.18
1988,4.69,3.12,-7.88,-10.66,10.61,8.20,15.62,15.60,0.65,-1.03,68.80,71.19,185.00,194.60,123.00,135.35,261.00,260.60,73.00,91.33,74.00,91.80,32.00,35.81,4.38,8.77,3.56,8.49,28.00,21.46,4932.74,5460.17,17.26,10.19,47.00,39.40,8.00,8.25,63.00,31.03,0.00,0.00,17.26,9.83,137.00,124.67,6.39,8.65,188.00,185.01,108.00,109.57,295.00,293.36,2602.13,2412.62,1679.23,1508.01,875.76,743.27,463.13,410.56,43.79,47.44,89.42,125.30,269.55,186.31,52.45,46.55,46.00,55.00,15.00,9.00,3.00,2.00,44.62,42.65,56.17,48.44,6.66,4.65,33.84,20.81,46.00,29.78,67.00,81.40
1989,3.14,3.15,-13.28,-10.57,8.44,8.22,15.84,15.62,-1.00,-1.01,76.91,71.20,202.00,194.40,149.00,135.22,253.00,260.79,95.00,91.00,97.00,91.40,38.00,35.49,10.14,8.68,8.49,8.42,15.00,21.77,5503.19,5449.54,9.86,10.27,38.00,39.60,10.00,8.32,35.00,31.46,0.00,0.00,9.04,9.91,103.00,125.00,8.70,8.72,185.00,185.19,115.00,109.43,299.00,293.42,2443.91,2415.32,1552.08,1510.21,771.74,745.15,407.47,410.63,53.43,47.13,90.74,126.09,202.03,185.92,73.38,46.34,53.00,55.00,11.00,9.00,2.00,2.00,40.74,42.56,42.52,48.37,4.68,4.64,20.42,20.82,23.00,29.83,85.00,81.62
1990,3.36,3.18,-6.75,-10.49,7.94,8.24,16.04,15.63,-2.39,-1.00,72.76,71.22,204.00,194.20,136.00,135.08,261.00,260.97,78.00,90.67,86.00,91.00,39.00,35.18,12.05,8.58,8.22,8.36,34.00,22.08,5394.20,5438.92,11.51,10.35,54.00,39.80,3.00,8.39,46.00,31.89,0.00,0.00,9.04,9.99,124.00,125.33,4.73,8.79,196.00,185.36,88.00,109.29,283.00,293.47,2420.70,2418.01,1520.86,1512.41,752.17,747.04,446.34,410.69,59.86,46.81,148.80,126.87,187.19,185.53,45.83,46.14,55.00,55.00,9.00,9.00,3.00,2.00,60.12,42.47,76.46,48.30,4.95,4.62,28.96,20.84,31.00,29.88,88.00,81.83
1991,4.31,3.21,-8.45,-10.41,8.93,8.26,16.27,15.64,-2.13,-0.99,73.76,71.23,195.00,194.00,127.00,134.94,258.00,261.16,77.00,90.33,82.00,90.60,30.00,34.86,9.59,8.49,6.85,8.29,52.00,22.38,5067.85,5428.29,15.89,10.43,46.00,40.00,11.00,8.46,48.00,32.32,0.00,0.00,14.52,10.06,130.00,125.67,11.63,8.86,206.00,185.54,89.00,109.14,294.00,293.52,2625.12,2420.70,1645.64,1514.60,824.15,748.93,469.04,410.75,45.80,46.49,167.41,127.65,193.28,185.14,69.67,45.93,65.00,55.00,10.00,9.00,3.00,2.00,43.12,42.38,47.47,48.22,5.15,4.61,22.68,20.86,27.00,29.93,89.00,82.05
1992,4.15,3.24,-4.45,-10.33,9.16,8.29,14.07,15.66,-0.62,-0.97,75.14,71.25,192.00,193.80,142.00,134.80,235.00,261.34,80.00,90.00,72.00,90.20,22.00,34.54,12.33,8.40,10.41,8.23,36.00,22.69,5108.25,5417.67,16.16,10.51,38.00,40.20,10.00,8.53,40.00,32.75,0.00,0.00,13.70,10.14,92.00,126.00,7.66,8.93,176.00,185.71,110.00,109.00,285.00,293.57,2250.81,2423.40,1400.78,1516.80,699.82,750.81,388.78,410.81,45.86,46.18,134.19,128.44,136.76,184.75,58.28,45.72,63.00,55.00,8.00,9.00,0.00,2.00,31.33,42.29,35.06,48.15,3.88,4.59,4.39,20.88,21.00,29.98,96.00,82.27
1993,3.30,3.27,-12.43,-10.25,8.95,8.31,13.69,15.67,0.16,-0.96,70.39,71.26,191.00,193.60,137.00,134.66,256.00,261.52,77.00,89.67,91.00,89.80,34.00,34.22,8.22,8.31,7.40,8.16,24.00,23.00,5387.71,5407.04,9.59,10.59,20.00,40.40,2.00,8.60,31.00,33.18,0.00,0.00,10.41,10.22,118.00,126.33,0.08,9.00,187.00,185.88,118.00,108.86,304.00,293.62,2230.00,2426.09,1329.32,1519.00,557.66,752.70,477.75,410.87,43.41,45.86,137.95,129.22,245.92,184.36,57.25,45.52,57.00,55.00,12.00,9.00,3.00,2.00,49.00,42.20,52.05,48.07,4.98,4.58,22.57,20.90,33.00,30.03,93.00,82.49
1994,3.14,3.30,-12.10,-10.17,8.95,8.33,16.26,15.69,-1.41,-0.94,76.36,71.27,189.00,193.40,124.00,134.52,264.00,261.71,91.00,89.33,94.00,89.40,46.00,33.90,6.58,8.22,9.04,8.10,18.00,23.31,5487.36,5396.42,13.15,10.67,47.00,40.60,9.00,8.67,26.00,33.61,0.00,0.00,10.14,10.30,139.00,126.67,7.13,9.07,181.00,186.06,105.00,108.71,285.00,293.68,2470.09,2428.79,1585.55,1521.20,797.38,754.59,499.05,410.93,95.46,45.54,163.75,130.00,183.58,183.97,54.37,45.31,70.00,55.00,14.00,9.00,2.00,2.00,35.14,42.11,38.74,48.00,5.61,4.57,16.04,20.91,48.00,30.07,86.00,82.71
1995,2.57,3.32,-8.98,-10.09,8.49,8.35,14.53,15.70,-4.40,-0.93,65.41,71.29,212.00,193.20,146.00,134.38,259.00,261.89,105.00,89.00,104.00,89.00,42.00,33.58,11.78,8.13,7.67,8.03,18.00,23.62,5668.92,5385.79,9.59,10.75,38.00,40.80,4.00,8.74,28.00,34.04,0.00,0.00,7.67,10.37,112.00,127.00,4.32,9.14,192.00,186.23,109.00,108.57,300.00,293.73,2357.25,2431.48,1432.41,1523.39,679.49,756.47,326.06,411.00,36.58,45.23,88.09,130.79,142.76,183.58,64.52,45.11,48.00,55.00,7.00,9.00,1.00,2.00,39.47,42.02,54.43,47.93,3.72,4.55,7.18,20.93,39.00,30.12,83.00,82.93
1996,0.83,3.35,-12.81,-10.00,6.33,8.37,15.52,15.72,-4.54,-0.91,78.52,71.30,195.00,193.00,132.00,134.24,268.00,262.08,111.00,88.67,120.00,88.60,63.00,33.26,16.16,8.04,18.36,7.97,0.00,23.92,6325.75,5375.17,8.49,10.83,36.00,41.00,7.00,8.81,33.00,34.47,0.00,0.00,7.67,10.45,135.00,127.33,6.36,9.21,158.00,186.41,132.00,108.43,289.00,293.78,2149.29,2434.18,1374.12,1525.59,684.92,758.36,557.67,411.06,45.76,44.91,197.67,131.57,208.81,183.19,98.92,44.90,76.00,55.00,15.00,9.00,3.00,2.00,44.24,41.93,47.78,47.85,4.82,4.54,25.33,20.95,24.00,30.17,113.00,83.14
1997,4.14,3.38,-13.25,-9.92,8.52,8.39,16.20,15.73,1.17,-0.90,78.78,71.31,195.00,192.80,123.00,134.10,260.00,262.26,79.00,88.33,88.00,88.20,26.00,32.95,7.12,7.95,8.22,7.90,28.00,24.23,5140.22,5364.54,15.07,10.91,56.00,41.20,10.00,8.88,47.00,34.90,0.00,0.00,14.79,10.53,136.00,127.67,18.61,9.28,176.00,186.58,105.00,108.29,280.00,293.83,2495.06,2436.87,1623.47,1527.79,861.76,760.25,324.59,411.12,45.15,44.59,126.48,132.35,131.72,182.80,30.66,44.70,49.00,55.00,6.00,9.00,1.00,2.00,28.39,41.84,34.47,47.78,4.06,4.52,7.68,20.97,29.00,30.22,76.00,83.36
1998,4.84,3.41,-8.69,-9.84,10.89,8.41,18.26,15.75,0.07,-0.88,77.58,71.33,187.00,192.60,133.00,133.96,273.00,262.45,78.00,88.00,78.00,87.80,32.00,32.63,2.74,7.85,3.84,7.84,18.00,24.54,4958.70,5353.92,20.27,10.99,74.00,41.40,21.00,8.95,70.00,35.33,0.00,0.00,12.60,10.60,139.00,128.00,33.90,9.35,177.00,186.76,106.00,108.14,282.00,293.88,2772.43,2439.57,1888.47,1529.99,1057.35,762.14,327.73,411.18,35.30,44.28,96.97,133.14,124.83,182.41,59.86,44.49,48.00,55.00,6.00,9.00,3.00,2.00,33.53,41.75,41.62,47.71,4.25,4.51,28.22,20.98,30.00,30.27,75.00,83.58
1999,4.45,3.44,-10.18,-9.76,8.85,8.43,15.00,15.76,1.20,-0.87,65.16,71.34,190.00,192.40,132.00,133.82,262.00,262.63,69.00,87.67,70.00,87.40,18.00,32.31,7.12,7.76,6.58,7.77,23.00,24.85,4993.16,5343.29,10.68,11.07,44.00,41.60,3.00,9.02,28.00,35.76,0.00,0.00,10.14,10.68,129.00,128.33,0.99,9.42,194.00,186.93,111.00,108.00,304.00,293.94,2346.39,2442.26,1418.43,1532.18,653.39,764.02,479.14,411.24,71.84,43.96,148.83,133.92,233.24,182.02,36.00,44.29,67.00,55.00,9.00,9.00,3.00,2.00,81.05,41.66,88.68,47.63,5.65,4.49,24.43,21.00,29.00,30.32,84.00,83.80
2000,3.12,3.47,-8.50,-9.68,8.17,8.45,15.61,15.77,-1.99,-0.86,66.74,71.35,201.00,192.20,151.00,133.68,263.00,262.82,89.00,87.33,103.00,87.00,38.00,31.99,9.59,7.67,8.49,7.71,8.00,25.15,5498.89,5332.67,8.22,11.15,42.00,41.80,6.00,9.09,28.00,36.19,0.00,0.00,6.30,10.76,111.00,128.67,10.39,9.49,168.00,187.11,108.00,107.86,275.00,293.99,2274.72,2444.96,1446.64,1534.38,690.70,765.91,405.53,411.30,51.54,43.64,101.86,134.70,224.26,181.63,27.24,44.08,67.00,55.00,6.00,9.00,1.00,2.00,47.87,41.56,52.06,47.56,4.09,4.48,10.55,21.02,25.00,30.37,95.00,84.02
2001,4.45,3.50,-7.29,-9.60,7.88,8.47,16.72,15.79,-0.17,-0.84,66.99,71.37,195.00,192.00,131.00,133.55,275.00,263.00,78.00,87.00,85.00,86.60,25.00,31.67,4.66,7.58,4.11,7.64,25.00,25.46,5041.55,5322.04,15.34,11.24,53.00,42.00,17.00,9.16,50.00,36.62,0.00,0.00,12.33,10.83,143.00,129.00,17.54,9.56,181.00,187.28,113.00,107.71,293.00,294.04,2517.08,2447.65,1627.35,1536.58,826.72,767.80,256.61,411.36,15.09,43.33,78.08,135.49,124.36,181.24,39.71,43.88,41.00,55.00,7.00,9.00,0.00,2.00,24.74,41.47,29.86,47.49,4.11,4.46,0.00,21.04,39.00,30.42,60.00,84.23
2002,3.35,3.53,-11.08,-9.52,5.44,8.49,16.73,15.80,0.29,-0.83,71.17,71.38,211.00,191.80,145.00,133.41,266.00,263.18,88.00,86.67,86.00,86.20,34.00,31.35,15.89,7.49,12.33,7.58,54.00,25.77,5500.49,5311.41,17.53,11.32,57.00,42.20,20.00,9.23,66.00,37.05,0.00,0.00,17.26,10.91,120.00,129.33,57.47,9.63,162.00,187.45,130.00,107.57,291.00,294.09,2265.96,2450.35,1492.06,1538.77,830.82,769.68,229.32,411.43,34.39,43.01,50.16,136.27,97.14,180.85,40.55,43.67,41.00,55.00,4.00,9.00,0.00,2.00,24.26,41.38,24.26,47.41,3.91,4.45,14.94,21.06,46.00,30.47,54.00,84.45
2003,3.17,3.56,-11.10,-9.44,8.27,8.51,16.68,15.82,-1.51,-0.81,73.41,71.40,188.00,191.60,139.00,133.27,261.00,263.37,97.00,86.33,115.00,85.80,37.00,31.03,8.49,7.40,13.70,7.51,23.00,26.08,5528.20,5300.79,14.25,11.40,55.00,42.40,19.00,9.30,39.00,37.48,0.00,0.00,10.14,10.99,121.00,129.67,23.11,9.70,196.00,187.63,106.00,107.43,301.00,294.14,2595.08,2453.04,1662.52,1540.97,874.98,771.57,359.60,411.49,69.11,42.70,149.18,137.05,123.90,180.46,21.72,43.47,51.00,55.00,6.00,9.00,2.00,2.00,33.35,41.29,42.83,47.34,4.23,4.44,16.60,21.07,36.00,30.52,81.00,84.67
2004,3.37,3.59,-9.27,-9.35,8.03,8.53,14.64,15.83,-0.02,-0.80,72.43,71.41,201.00,191.40,144.00,133.13,264.00,263.55,74.00,86.00,69.00,85.40,29.00,30.71,9.86,7.31,12.33,7.45,36.00,26.38,5381.41,5290.16,10.41,11.48,31.00,42.60,3.00,9.37,36.00,37.92,0.00,0.00,9.59,11.06,119.00,130.00,5.42,9.77,180.00,187.80,109.00,107.29,288.00,294.20,2228.28,2455.74,1355.53,1543.17,591.31,773.46,379.83,411.55,37.78,42.38,81.82,137.84,200.34,180.07,51.13,43.26,61.00,55.00,9.00,9.00,1.00,2.00,51.74,41.20,57.42,47.26,4.19,4.42,10.99,21.09,28.00,30.57,89.00,84.89
2005,3.99,3.62,-9.32,-9.27,8.15,8.55,14.66,15.85,0.32,-0.78,72.64,71.42,180.00,191.20,131.00,132.99,266.00,263.74,76.00,85.67,73.00,85.00,25.00,30.40,6.58,7.21,6.03,7.38,52.00,26.69,5146.61,5279.54,12.33,11.56,25.00,42.80,3.00,9.44,49.00,38.35,0.00,0.00,13.70,11.14,134.00,130.33,4.19,9.84,197.00,187.98,105.00,107.14,301.00,294.25,2326.35,2458.43,1388.62,1545.37,593.62,775.34,480.57,411.61,59.95,42.06,132.12,138.62,260.75,179.68,39.28,43.05,59.00,55.00,11.00,9.00,3.00,2.00,86.57,41.11,86.57,47.19,4.92,4.41,26.26,21.11,30.00,30.62,95.00,85.11
2006,4.38,3.65,-6.24,-9.19,9.65,8.57,16.56,15.86,-2.54,-0.77,66.06,71.44,190.00,191.00,124.00,132.85,266.00,263.92,91.00,85.33,77.00,84.60,18.00,30.08,5.75,7.12,7.12,7.32,38.00,27.00,5058.78,5268.91,14.25,11.64,58.00,43.00,15.00,9.51,49.00,38.78,0.00,0.00,11.23,11.22,141.00,130.67,16.82,9.91,183.00,188.15,99.00,107.00,281.00,294.30,2576.16,2461.13,1671.64,1547.56,883.05,777.23,448.10,411.67,42.58,41.75,142.48,139.40,191.68,179.29,70.19,42.85,73.00,55.00,8.00,9.00,1.00,2.00,30.85,41.02,37.69,47.12,4.56,4.39,5.21,21.13,40.00,30.67,97.00,85.32
2007,3.64,3.68,-9.10,-9.11,8.55,8.59,16.29,15.87,-1.45,-0.75,68.75,71.45,186.00,190.80,113.00,132.71,256.00,264.11,96.00,85.00,94.00,84.20,33.00,29.76,4.93,7.03,3.84,7.25,20.00,27.31,5365.74,5258.29,10.41,11.72,42.00,43.20,19.00,9.58,27.00,39.21,0.00,0.00,9.86,11.29,142.00,131.00,44.60,9.98,201.00,188.33,103.00,106.86,303.00,294.35,2556.22,2463.82,1583.03,1549.76,781.00,779.12,325.24,411.73,28.96,41.43,162.13,140.19,113.34,178.90,20.59,42.64,54.00,55.00,6.00,9.00,2.00,2.00,37.74,40.93,38.23,47.04,4.16,4.38,15.49,21.14,33.00,30.72,77.00,85.54
2008,3.37,3.71,-9.39,-9.03,7.02,8.62,15.92,15.89,-0.03,-0.74,77.25,71.46,193.00,190.60,130.00,132.57,267.00,264.29,78.00,84.67,89.00,83.80,40.00,29.44,8.77,6.94,7.12,7.19,0.00,27.62,5413.90,5247.66,11.78,11.80,42.00,43.40,13.00,9.65,24.00,39.64,0.00,0.00,9.59,11.37,136.00,131.33,22.00,10.05,187.00,188.50,122.00,106.71,308.00,294.40,2429.79,2466.52,1530.55,1551.96,747.65,781.00,298.96,411.79,18.44,41.11,126.73,140.97,127.86,178.51,20.90,42.44,43.00,55.00,6.00,9.00,2.00,2.00,29.87,40.84,39.52,46.97,3.98,4.36,21.54,21.16,52.00,30.77,73.00,85.76
2009,2.65,3.74,-11.65,-8.95,6.84,8.64,16.31,15.90,-1.86,-0.73,70.12,71.48,210.00,190.40,160.00,132.43,271.00,264.48,95.00,84.33,97.00,83.40,43.00,29.12,14.79,6.85,12.60,7.12,26.00,27.92,5665.03,5237.04,10.14,11.88,40.00,43.60,10.00,9.72,38.00,40.07,0.00,0.00,10.96,11.45,110.00,131.67,6.11,10.12,185.00,188.68,96.00,106.57,280.00,294.45,2340.39,2469.21,1481.60,1554.15,755.24,782.89,289.65,411.86,38.99,40.80,43.14,141.75,166.83,178.12,41.52,42.23,37.00,55.00,5.00,9.00,2.00,2.00,77.31,40.75,82.95,46.90,4.01,4.35,30.24,21.18,41.00,30.82,68.00,85.98
2010,3.31,3.77,-8.34,-8.87,7.62,8.66,14.49,15.92,-1.88,-0.71,63.31,71.49,196.00,190.20,150.00,132.29,260.00,264.66,93.00,84.00,88.00,83.00,27.00,28.80,5.48,6.76,7.67,7.06,26.00,28.23,5390.07,5226.41,8.22,11.96,23.00,43.80,1.00,9.79,41.00,40.50,0.00,0.00,9.59,11.53,109.00,132.00,0.65,10.19,189.00,188.85,107.00,106.43,295.00,294.51,2293.68,2471.90,1389.69,1556.35,649.53,784.78,489.31,411.92,20.07,40.48,213.91,142.54,222.69,177.73,38.23,42.03,63.00,55.00,13.00,9.00,3.00,2.00,64.21,40.66,85.49,46.82,5.62,4.33,21.81,21.20,24.00,30.86,84.00,86.20
2011,,3.80,,-8.78,,8.68,,15.93,,-0.70,,71.50,,190.00,,132.15,,264.84,,83.67,,82.60,,28.48,,6.67,,6.99,,28.54,,5215.79,,12.04,,44.00,,9.86,,40.93,,0.00,,11.60,,132.33,,10.26,,189.03,,106.29,,294.56,,2474.60,,1558.55,,786.67,,411.98,,40.16,,143.32,,177.34,,41.82,,55.00,,9.00,,2.00,,40.57,,46.75,,4.32,,21.22,,30.91,,86.41
