Station:,"52.9107,-109.677",,,,Station ID:,44,,Begin Yr:,1949,,,,,,,,,,,,,,,,,,,,,,,,,,,,,,,,,,,,,,,,,,,,,,,,,,,,,,,,,,,,,,,,,,,,,,,,,,,,,,,
Lat:,52.91070175,Lon:,-109.677002,,Country:,Canada,,End Yr:,2011,,,,,,,,,,,,,,,,,,,,,,,,,,,,,,,,,,,,,,,,,,,,,,,,,,,,,,,,,,,,,,,,,,,,,,,,,,,,,,,
Trend (/yr):,,,,,,,,,,,,,,,,,,,,,,,,,,,,,,,,,,,,,,,,,,,,,,,,,,,,,,,,,,,,,,,,,,,,,,,,,,,,,,,,,,,,,,,,
Significance:,,,,,,,,,,,,,,,,,,,,,,,,,,,,,,,,,,,,,,,,,,,,,,,,,,,,,,,,,,,,,,,,,,,,,,,,,,,,,,,,,,,,,,,,
Year,01TMEAN,01TMEAN Trendline,02TWinter,02TWinter Trendline,03TSpring,03TSpring Trendline,04TSummer,04TSummer Trendline,05TFall,05TFall Trendline,06TRange,06TRange Trendline,21FrostDays,21FrostDays Trendline,22FrostLast,22FrostLast Trendline,23FrostFirst,23FrostFirst Trendline,24IceDays,24IceDays Trendline,25Tmin10,25Tmin10 Trendline,26Tmin20,26Tmin20 Trendline,27ColdNights,27ColdNights Trendline,28ColdDays,28ColdDays Trendline,29ColdSpell,29ColdSpell Trendline,30HeatingDD,30HeatingDD Trendline,40Tmax90,40Tmax90 Trendline,41SummerDays,41SummerDays Trendline,42Tmax30,42Tmax30 Trendline,43HWDI,43HWDI Trendline,44TropNight,44TropNight Trendline,45Tmin90,45Tmin90 Trendline,46FrostFree,46FrostFree Trendline,47CoolingDD,47CoolingDD Trendline,61GSL,61GSL Trendline,62GSLBegin,62GSLBegin Trendline,63GSLEnd,63GSLEnd Trendline,64GDD0,64GDD0 Trendline,65GDD5,65GDD5 Trendline,66GDD10,66GDD10 Trendline,81PAnnual,81PAnnual Trendline,82PWinter,82PWinter Trendline,83PSpring,83PSpring Trendline,84PSummer,84PSummer Trendline,85PFall,85PFall Trendline,86Pge2,86Pge2 Trendline,87Pge10,87Pge10 Trendline,88Pge20,88Pge20 Trendline,89P3days,89P3days Trendline,90P5days,90P5days Trendline,91SDPI,91SDPI Trendline,92Pge95,92Pge95 Trendline,93DryPeriod,93DryPeriod Trendline,94PDays1,94PDays1 Trendline
1949,,,,,,,,,,,,,,,,,,,,,,,,,,,,,,,,,,,,,,,,,,,,,,,,,,,,,,,,,,,,,,,,,,,,,,,,,,,,,,,,,,,,,,,,
1950,-1.17,0.93,-21.94,-15.71,6.30,6.70,14.80,14.69,-5.96,-3.09,80.71,72.95,222.00,209.50,158.00,147.96,231.00,251.74,136.00,121.00,137.00,121.33,86.00,61.42,24.11,13.62,13.15,10.30,0.00,7.80,7038.51,6307.21,6.85,8.19,40.00,30.42,6.00,6.00,8.00,18.16,0.00,0.00,1.37,5.79,72.00,104.50,3.58,7.16,145.00,169.25,126.00,117.41,270.00,284.80,2028.77,2205.46,1304.02,1363.10,636.02,632.15,413.16,402.06,25.02,62.63,61.69,89.95,205.20,193.75,109.43,48.87,60.00,54.71,7.00,8.00,5.00,2.00,60.21,42.05,60.21,49.50,4.94,4.96,33.64,22.86,25.00,28.00,83.00,78.73
1951,-1.33,0.96,-18.54,-15.64,6.58,6.73,13.65,14.70,-6.86,-3.08,70.63,72.91,214.00,209.31,156.00,147.84,258.00,251.89,150.00,120.75,145.00,121.00,81.00,61.00,25.48,13.52,18.90,10.24,6.00,8.10,7078.64,6296.25,5.48,8.26,26.00,30.56,2.00,6.00,8.00,18.54,0.00,0.00,1.92,5.91,101.00,104.75,0.72,7.23,150.00,169.50,115.00,117.26,264.00,284.90,1938.60,2208.12,1191.57,1365.24,514.16,634.05,418.37,401.81,70.74,62.21,99.38,90.43,214.98,193.24,45.09,48.88,68.00,54.67,11.00,8.00,1.00,2.00,34.79,42.03,42.97,49.46,5.19,4.95,12.67,22.79,27.00,28.00,80.00,78.81
1952,1.73,0.99,-17.17,-15.56,8.43,6.75,14.09,14.72,-0.58,-3.07,68.63,72.87,193.00,209.13,136.00,147.72,248.00,252.05,112.00,120.50,126.00,120.67,46.00,60.58,10.14,13.41,5.75,10.19,12.00,8.40,5951.71,6285.29,7.67,8.33,24.00,30.70,1.00,6.00,40.00,18.91,0.00,0.00,4.11,6.02,111.00,105.00,0.00,7.29,207.00,169.75,103.00,117.11,309.00,285.00,2436.88,2210.78,1463.43,1367.37,600.98,635.95,337.68,401.55,30.78,61.80,91.39,90.91,188.81,192.73,26.70,48.88,55.00,54.62,6.00,8.00,1.00,2.00,27.78,42.00,39.67,49.42,4.66,4.94,12.05,22.71,35.00,28.00,72.00,78.90
1953,2.26,1.02,-13.07,-15.49,5.87,6.77,14.93,14.74,-0.04,-3.05,73.53,72.84,209.00,208.94,156.00,147.59,264.00,252.21,103.00,120.25,111.00,120.33,35.00,60.17,12.60,13.31,6.03,10.14,6.00,8.70,5796.66,6274.34,10.14,8.41,29.00,30.84,6.00,6.00,22.00,19.29,0.00,0.00,5.48,6.14,107.00,105.25,11.75,7.36,193.00,170.00,110.00,116.96,302.00,285.10,2321.94,2213.44,1382.47,1369.51,606.07,637.84,455.64,401.29,58.36,61.38,112.36,91.39,244.57,192.21,29.30,48.88,65.00,54.57,11.00,8.00,4.00,2.00,46.17,41.97,50.88,49.39,5.04,4.92,23.69,22.63,30.00,28.00,89.00,78.99
1954,1.11,1.05,-13.55,-15.42,2.63,6.80,14.06,14.75,1.19,-3.04,73.62,72.80,218.00,208.75,151.00,147.47,260.00,252.37,98.00,120.00,98.00,120.00,49.00,59.75,18.36,13.20,17.81,10.08,52.00,9.00,6190.00,6263.38,11.78,8.48,17.00,30.98,3.00,6.00,62.00,19.67,0.00,0.00,11.23,6.25,108.00,105.50,3.48,7.42,148.00,170.25,124.00,116.81,271.00,285.20,1872.66,2216.11,1139.13,1371.64,480.69,639.74,485.28,401.04,36.61,60.96,115.90,91.87,310.29,191.70,28.23,48.88,72.00,54.52,10.00,8.00,3.00,2.00,51.74,41.95,54.46,49.35,5.03,4.91,20.65,22.56,23.00,28.00,95.00,79.07
1955,-0.29,1.08,-14.54,-15.34,5.98,6.82,15.29,14.77,-8.04,-3.03,72.31,72.76,213.00,208.56,144.00,147.35,249.00,252.53,134.00,119.75,142.00,119.67,84.00,59.33,17.53,13.10,15.07,10.03,0.00,9.30,6737.17,6252.43,8.77,8.55,37.00,31.12,6.00,6.00,11.00,20.05,0.00,0.00,4.11,6.36,104.00,105.75,14.35,7.48,176.00,170.50,96.00,116.67,271.00,285.30,2124.70,2218.77,1296.94,1373.78,637.12,641.64,384.55,400.78,57.24,60.55,101.42,92.35,148.46,191.19,60.91,48.88,53.00,54.48,9.00,8.00,3.00,2.00,41.44,41.92,45.00,49.32,4.86,4.90,25.12,22.48,29.00,28.00,78.00,79.16
1956,0.86,1.11,-17.39,-15.27,6.50,6.85,14.49,14.78,-3.09,-3.01,72.65,72.72,216.00,208.38,133.00,147.23,246.00,252.68,107.00,119.50,113.00,119.33,70.00,58.92,13.70,12.99,9.04,9.98,28.00,9.60,6295.98,6241.47,7.67,8.62,35.00,31.26,4.00,6.00,31.00,20.42,0.00,0.00,8.77,6.48,112.00,106.00,4.63,7.55,171.00,170.75,124.00,116.52,294.00,285.40,2240.76,2221.43,1403.71,1375.91,681.27,643.54,447.27,400.52,70.80,60.13,96.70,92.83,265.44,190.68,33.82,48.89,56.00,54.43,13.00,8.00,5.00,2.00,55.68,41.89,81.48,49.28,5.58,4.89,35.15,22.41,21.00,28.00,79.00,79.24
1957,1.68,1.14,-13.56,-15.19,7.60,6.87,14.74,14.80,-1.36,-3.00,69.08,72.68,216.00,208.19,162.00,147.10,260.00,252.84,119.00,119.25,112.00,119.00,53.00,58.50,12.60,12.89,6.30,9.92,0.00,9.90,5987.22,6230.51,8.77,8.70,38.00,31.40,7.00,6.00,32.00,20.80,0.00,0.00,5.21,6.59,97.00,106.25,6.45,7.61,169.00,171.00,108.00,116.37,276.00,285.50,2235.72,2224.10,1406.20,1378.04,678.41,645.44,326.79,400.27,31.23,59.71,36.44,93.31,209.56,190.17,48.89,48.89,48.00,54.38,6.00,8.00,1.00,2.00,29.81,41.87,37.33,49.25,4.38,4.87,15.77,22.33,30.00,28.00,72.00,79.33
1958,2.18,1.17,-12.75,-15.12,7.78,6.89,15.40,14.81,-3.62,-2.99,69.71,72.64,201.00,208.00,162.00,146.98,246.00,253.00,117.00,119.00,119.00,118.67,37.00,58.08,10.14,12.78,3.84,9.87,16.00,10.20,5828.43,6219.56,9.59,8.77,38.00,31.54,11.00,6.00,15.00,21.18,0.00,0.00,6.85,6.71,83.00,106.50,8.17,7.67,196.00,171.25,101.00,116.22,296.00,285.60,2329.52,2226.76,1406.11,1380.18,653.99,647.33,246.41,400.01,45.99,59.29,71.52,93.80,89.52,189.65,39.46,48.89,46.00,54.33,1.00,8.00,0.00,2.00,20.36,41.84,20.36,49.21,3.03,4.86,6.44,22.26,38.00,28.00,76.00,79.42
1959,1.34,1.20,-14.00,-15.04,7.26,6.92,14.24,14.83,-2.77,-2.97,72.77,72.61,229.00,207.81,148.00,146.86,252.00,253.16,101.00,118.75,94.00,118.33,46.00,57.67,14.79,12.68,13.15,9.82,34.00,10.50,6122.66,6208.60,9.04,8.84,29.00,31.68,5.00,6.00,51.00,21.55,0.00,0.00,4.93,6.82,103.00,106.75,5.62,7.74,145.00,171.50,133.00,116.07,277.00,285.70,1872.54,2229.42,1165.87,1382.31,539.48,649.23,396.60,399.75,29.39,58.88,91.40,94.28,188.31,189.14,83.84,48.89,51.00,54.29,11.00,8.00,1.00,2.00,34.67,41.81,37.70,49.17,4.94,4.85,21.70,22.18,35.00,28.00,76.00,79.50
1960,1.91,1.23,-13.97,-14.97,6.70,6.94,16.24,14.84,-2.54,-2.96,70.15,72.57,204.00,207.63,135.00,146.74,264.00,253.32,124.00,118.50,117.00,118.00,56.00,57.25,9.59,12.57,4.93,9.77,26.00,10.80,5956.30,6197.64,10.68,8.91,40.00,31.82,10.00,6.00,7.00,21.93,0.00,0.00,9.04,6.94,128.00,107.00,14.66,7.80,175.00,171.75,126.00,115.93,300.00,285.80,2293.64,2232.08,1449.45,1384.45,722.74,651.13,312.33,399.49,45.41,58.46,85.50,94.76,157.48,188.63,22.07,48.89,40.00,54.24,8.00,8.00,2.00,2.00,58.15,41.79,59.99,49.14,4.84,4.84,27.86,22.10,30.00,28.00,59.00,79.59
1961,1.81,1.27,-10.11,-14.90,7.94,6.97,15.91,14.86,-6.18,-2.95,74.96,72.53,222.00,207.44,137.00,146.61,246.00,253.47,109.00,118.25,116.00,117.67,50.00,56.83,12.60,12.47,10.68,9.71,16.00,11.10,6047.55,6186.69,16.16,8.98,69.00,31.96,21.00,6.00,43.00,22.31,0.00,0.00,9.59,7.05,108.00,107.25,37.70,7.86,175.00,172.00,119.00,115.78,293.00,285.90,2379.64,2234.75,1568.83,1386.58,895.89,653.03,317.90,399.24,50.53,58.04,108.95,95.24,90.78,188.12,74.67,48.90,45.00,54.19,6.00,8.00,2.00,2.00,38.99,41.76,40.99,49.10,4.65,4.82,19.10,22.03,36.00,28.00,64.00,79.68
1962,1.96,1.30,-16.08,-14.82,7.10,6.99,14.67,14.87,1.36,-2.93,76.11,72.49,190.00,207.25,144.00,146.49,246.00,253.63,103.00,118.00,100.00,117.33,57.00,56.42,9.59,12.36,8.22,9.66,10.00,11.40,5887.83,6175.73,11.23,9.06,28.00,32.10,4.00,6.00,29.00,22.69,0.00,0.00,9.59,7.17,101.00,107.50,6.61,7.93,209.00,172.25,105.00,115.63,313.00,286.00,2457.36,2237.41,1471.00,1388.71,666.55,654.92,404.54,398.98,64.09,57.63,113.53,95.72,171.96,187.61,44.60,48.90,60.00,54.14,7.00,8.00,2.00,2.00,50.15,41.73,59.73,49.07,4.85,4.81,21.88,21.95,28.00,28.00,77.00,79.76
1963,2.67,1.33,-14.06,-14.75,7.73,7.01,16.53,14.89,-1.56,-2.92,66.61,72.45,188.00,207.06,141.00,146.37,281.00,253.79,97.00,117.75,99.00,117.00,52.00,56.00,4.66,12.26,7.95,9.61,22.00,11.70,5671.33,6164.77,11.51,9.13,42.00,32.24,3.00,6.00,27.00,23.06,0.00,0.00,15.89,7.28,139.00,107.75,9.83,7.99,187.00,172.50,113.00,115.48,299.00,286.10,2591.20,2240.07,1679.55,1390.85,859.61,656.82,441.40,398.72,73.95,57.21,112.97,96.20,225.48,187.09,38.30,48.90,53.00,54.10,11.00,8.00,3.00,2.00,45.59,41.70,45.73,49.03,4.95,4.80,24.34,21.88,31.00,28.00,85.00,79.85
1964,1.42,1.36,-10.55,-14.67,6.44,7.04,14.73,14.91,-3.79,-2.91,71.66,72.41,199.00,206.88,152.00,146.25,249.00,253.95,112.00,117.50,116.00,116.67,62.00,55.58,9.32,12.15,8.77,9.55,21.00,12.00,6105.71,6153.82,7.12,9.20,31.00,32.38,6.00,6.00,35.00,23.44,0.00,0.00,7.12,7.39,96.00,108.00,11.48,8.06,181.00,172.75,118.00,115.33,298.00,286.20,2277.18,2242.73,1386.78,1392.98,639.53,658.72,446.19,398.47,57.26,56.79,101.94,96.68,209.55,186.58,67.88,48.90,63.00,54.05,10.00,8.00,3.00,2.00,32.81,41.68,47.15,49.00,4.79,4.78,27.76,21.80,22.00,28.00,88.00,79.93
1965,0.30,1.39,-17.68,-14.60,4.88,7.06,14.62,14.92,-2.10,-2.90,69.81,72.37,218.00,206.69,146.00,146.12,247.00,254.11,124.00,117.25,124.00,116.33,70.00,55.17,12.88,12.05,14.52,9.50,0.00,12.30,6550.62,6142.86,7.40,9.27,37.00,32.52,10.00,6.00,22.00,23.82,0.00,0.00,6.85,7.51,100.00,108.25,14.78,8.12,189.00,173.00,114.00,115.19,302.00,286.30,2248.06,2245.40,1351.29,1395.12,662.52,660.62,470.86,398.21,85.36,56.38,145.90,97.16,219.70,186.07,21.72,48.90,53.00,54.00,12.00,8.00,5.00,2.00,69.49,41.65,75.88,48.96,5.86,4.77,40.35,21.73,38.00,28.00,77.00,80.02
1966,0.31,1.42,-18.05,-14.53,6.43,7.08,15.46,14.94,-5.13,-2.88,71.20,72.34,204.00,206.50,135.00,146.00,276.00,254.26,130.00,117.00,134.00,116.00,65.00,54.75,16.16,11.94,15.07,9.45,27.00,12.60,6496.54,6131.91,7.12,9.34,28.00,32.66,4.00,6.00,16.00,24.19,0.00,0.00,8.77,7.62,140.00,108.50,1.53,8.18,163.00,173.25,122.00,115.04,284.00,286.40,2210.17,2248.06,1399.38,1397.25,659.07,662.52,333.26,397.95,77.22,55.96,56.83,97.64,155.38,185.56,47.67,48.91,46.00,53.95,6.00,8.00,1.00,2.00,33.70,41.62,44.43,48.92,4.48,4.76,17.10,21.65,43.00,28.00,71.00,80.11
1967,1.02,1.45,-15.22,-14.45,4.37,7.11,17.01,14.95,-1.88,-2.87,76.08,72.30,219.00,206.31,157.00,145.88,266.00,254.42,122.00,116.75,128.00,115.67,63.00,54.33,13.97,11.84,11.23,9.39,0.00,12.90,6282.97,6120.95,9.32,9.42,56.00,32.80,8.00,6.00,20.00,24.57,0.00,0.00,7.67,7.74,108.00,108.75,10.23,8.25,144.00,173.50,132.00,114.89,275.00,286.50,2197.72,2250.72,1480.35,1399.38,797.65,664.41,343.48,397.70,72.59,55.54,95.80,98.13,98.33,185.05,75.79,48.91,47.00,53.90,9.00,8.00,1.00,2.00,38.39,41.60,39.80,48.89,4.38,4.75,23.20,21.57,54.00,28.00,76.00,80.19
1968,1.87,1.48,-12.67,-14.38,7.70,7.13,14.15,14.97,-1.63,-2.86,74.22,72.26,201.00,206.13,136.00,145.75,275.00,254.58,93.00,116.50,87.00,115.33,41.00,53.92,9.04,11.73,8.49,9.34,38.00,13.20,5925.85,6109.99,13.15,9.49,19.00,32.94,3.00,6.00,42.00,24.95,0.00,0.00,9.59,7.85,138.00,109.00,5.27,8.31,167.00,173.75,114.00,114.74,280.00,286.60,2090.45,2253.39,1265.02,1401.52,566.85,666.31,470.68,397.44,63.12,55.13,69.96,98.61,285.26,184.54,45.51,48.91,50.00,53.86,11.00,8.00,5.00,2.00,63.74,41.57,64.28,48.85,5.14,4.73,39.76,21.50,22.00,28.00,87.00,80.28
1969,0.57,1.51,-20.21,-14.30,7.06,7.16,15.17,14.98,-2.46,-2.84,73.15,72.22,197.00,205.94,163.00,145.63,258.00,254.74,127.00,116.25,123.00,115.00,54.00,53.50,12.05,11.63,11.51,9.29,7.00,13.50,6399.91,6099.04,6.03,9.56,35.00,33.08,4.00,6.00,18.00,25.33,0.00,0.00,6.03,7.97,94.00,109.25,1.89,8.37,173.00,174.00,101.00,114.59,273.00,286.70,2226.09,2256.05,1373.98,1403.65,655.30,668.21,373.66,397.18,84.46,54.71,71.08,99.09,162.06,184.02,59.53,48.91,49.00,53.81,6.00,8.00,2.00,2.00,25.14,41.54,37.39,48.82,4.35,4.72,17.80,21.42,22.00,28.00,82.00,80.36
1970,0.64,1.54,-14.47,-14.23,6.98,7.18,15.56,15.00,-6.06,-2.83,75.32,72.18,215.00,205.75,145.00,145.51,252.00,254.89,128.00,116.00,119.00,114.67,69.00,53.08,10.41,11.52,10.14,9.24,0.00,13.80,6416.85,6088.08,6.85,9.63,41.00,33.22,7.00,6.00,22.00,25.70,0.00,0.00,8.49,8.08,106.00,109.50,13.38,8.44,159.00,174.25,120.00,114.44,278.00,286.80,2253.91,2258.71,1475.80,1405.79,778.74,670.11,516.61,396.93,63.40,54.29,142.98,99.57,219.52,183.51,98.46,48.92,50.00,53.76,16.00,8.00,4.00,2.00,62.92,41.52,104.41,48.78,6.33,4.71,41.07,21.35,35.00,28.00,78.00,80.45
1971,0.78,1.57,-15.18,-14.16,6.99,7.20,15.03,15.01,-4.12,-2.82,73.23,72.14,199.00,205.56,138.00,145.39,260.00,255.05,127.00,115.75,126.00,114.33,62.00,52.67,9.32,11.42,9.86,9.18,0.00,14.10,6346.71,6077.12,7.12,9.70,30.00,33.36,8.00,6.00,0.00,26.08,0.00,0.00,7.12,8.20,121.00,109.75,10.87,8.50,168.00,174.50,120.00,114.30,287.00,286.90,2275.13,2261.37,1448.04,1407.92,708.88,672.00,393.50,396.67,42.30,53.88,74.09,100.05,199.46,183.00,72.41,48.92,47.00,53.71,8.00,8.00,2.00,2.00,56.01,41.49,57.65,48.75,5.40,4.69,24.30,21.27,24.00,28.00,68.00,80.54
1972,0.19,1.60,-17.61,-14.08,8.13,7.23,14.00,15.03,-5.53,-2.80,78.66,72.11,215.00,205.38,127.00,145.26,247.00,255.21,133.00,115.50,113.00,114.00,66.00,52.25,15.89,11.31,17.81,9.13,13.00,14.40,6550.27,6066.17,5.75,9.78,32.00,33.50,5.00,6.00,14.00,26.46,0.00,0.00,7.95,8.31,119.00,110.00,3.49,8.56,150.00,174.75,114.00,114.15,263.00,287.00,2082.44,2264.04,1340.02,1410.06,668.68,673.90,368.60,396.41,73.45,53.46,53.48,100.53,194.30,182.49,50.23,48.92,56.00,53.67,4.00,8.00,2.00,2.00,32.84,41.46,34.91,48.71,4.33,4.68,12.85,21.19,23.00,28.00,79.00,80.62
1973,1.57,1.63,-11.25,-14.01,7.43,7.25,15.06,15.04,-5.45,-2.79,69.38,72.07,205.00,205.19,126.00,145.14,257.00,255.37,120.00,115.25,115.00,113.67,52.00,51.83,8.77,11.21,7.95,9.08,27.00,14.70,6043.80,6055.21,7.95,9.85,29.00,33.64,6.00,6.00,27.00,26.83,0.00,0.00,8.22,8.42,130.00,110.25,4.50,8.63,164.00,175.00,122.00,114.00,285.00,287.10,2172.94,2266.70,1366.35,1412.19,662.73,675.80,431.88,396.15,40.11,53.04,130.49,101.01,187.50,181.98,72.23,48.92,58.00,53.62,8.00,8.00,3.00,2.00,44.37,41.44,48.69,48.68,4.67,4.67,20.48,21.12,20.00,28.00,88.00,80.71
1974,1.44,1.67,-15.79,-13.93,5.05,7.28,14.32,15.06,0.35,-2.78,71.99,72.03,202.00,205.00,149.00,145.02,244.00,255.53,124.00,115.00,111.00,113.33,43.00,51.42,9.32,11.10,11.23,9.02,14.00,15.00,6090.21,6044.25,9.59,9.92,23.00,33.78,4.00,6.00,15.00,27.21,0.00,0.00,7.67,8.54,94.00,110.50,8.75,8.69,199.00,175.25,111.00,113.85,309.00,287.20,2226.44,2269.36,1308.23,1414.32,595.28,677.70,370.45,395.90,96.96,52.63,116.12,101.49,134.45,181.46,24.19,48.92,54.00,53.57,8.00,8.00,1.00,2.00,27.40,41.41,35.68,48.64,4.08,4.66,5.55,21.04,69.00,28.00,84.00,80.79
1975,0.75,1.70,-13.95,-13.86,4.38,7.30,14.70,15.08,-3.11,-2.76,69.96,71.99,201.00,204.81,149.00,144.90,238.00,255.68,129.00,114.75,128.00,113.00,60.00,51.00,12.05,11.00,12.88,8.97,7.00,15.30,6348.29,6033.30,8.22,9.99,24.00,33.92,4.00,6.00,20.00,27.59,0.00,0.00,8.77,8.65,88.00,110.75,13.31,8.75,168.00,175.50,126.00,113.70,293.00,287.30,2146.52,2272.02,1322.46,1416.46,583.43,679.59,438.09,395.64,75.31,52.21,124.07,101.97,180.44,180.95,45.81,48.93,60.00,53.52,6.00,8.00,1.00,2.00,47.06,41.38,48.98,48.60,4.02,4.64,15.21,20.97,25.00,28.00,104.00,80.88
1976,3.22,1.73,-10.53,-13.79,9.32,7.32,15.89,15.09,-1.89,-2.75,72.93,71.95,185.00,204.63,126.00,144.77,277.00,255.84,89.00,114.50,99.00,112.67,43.00,50.58,6.30,10.89,6.85,8.92,15.00,15.60,5452.65,6022.34,15.34,10.06,42.00,34.06,2.00,6.00,22.00,27.97,0.00,0.00,14.52,8.77,150.00,111.00,4.34,8.82,193.00,175.75,95.00,113.56,287.00,287.40,2575.62,2274.69,1638.69,1418.59,791.60,681.49,330.23,395.38,69.92,51.79,69.40,102.46,169.11,180.44,34.97,48.93,46.00,53.48,5.00,8.00,2.00,2.00,62.66,41.36,73.80,48.57,4.44,4.63,24.96,20.89,46.00,28.00,69.00,80.97
1977,2.16,1.76,-10.37,-13.71,9.21,7.35,13.71,15.11,-4.43,-2.74,74.22,71.91,189.00,204.44,121.00,144.65,234.00,256.00,96.00,114.25,99.00,112.33,44.00,50.17,10.68,10.79,7.67,8.86,31.00,15.90,5806.67,6011.39,10.68,10.14,17.00,34.20,4.00,6.00,64.00,28.34,0.00,0.00,10.96,8.88,112.00,111.25,0.38,8.88,182.00,176.00,95.00,113.41,276.00,287.50,2298.98,2277.35,1399.39,1420.73,619.13,683.39,395.18,395.13,37.48,51.38,164.81,102.94,126.93,179.93,65.14,48.93,48.00,53.43,7.00,8.00,2.00,2.00,47.18,41.33,69.17,48.53,4.13,4.62,27.62,20.82,38.00,28.00,89.00,81.05
1978,1.33,1.79,-15.76,-13.64,8.12,7.37,14.86,15.12,-2.41,-2.73,69.25,71.87,184.00,204.25,132.00,144.53,263.00,256.16,117.00,114.00,110.00,112.00,70.00,49.75,6.58,10.68,7.12,8.81,9.00,16.20,6140.42,6000.43,7.67,10.21,32.00,34.34,4.00,6.00,6.00,28.72,0.00,0.00,8.77,9.00,130.00,111.50,4.51,8.95,199.00,176.25,114.00,113.26,312.00,287.60,2408.22,2280.01,1460.90,1422.86,677.08,685.29,413.16,394.87,35.18,50.96,163.15,103.42,161.14,179.42,54.13,48.93,58.00,53.38,7.00,8.00,1.00,2.00,28.31,41.30,31.55,48.50,4.05,4.61,9.07,20.74,17.00,28.00,93.00,81.14
1979,1.14,1.82,-17.49,-13.56,4.63,7.39,16.08,15.14,-0.97,-2.71,72.35,71.84,205.00,204.06,149.00,144.41,282.00,256.32,118.00,113.75,114.00,111.67,61.00,49.33,7.67,10.58,10.14,8.76,8.00,16.50,6217.01,5989.47,9.04,10.28,38.00,34.48,3.00,6.00,30.00,29.10,0.00,0.00,9.04,9.11,132.00,111.75,9.98,9.01,161.00,176.50,129.00,113.11,289.00,287.70,2267.37,2282.67,1464.30,1424.99,720.46,687.19,354.74,394.61,57.69,50.54,112.84,103.90,141.62,178.90,47.88,48.93,56.00,53.33,4.00,8.00,0.00,2.00,29.78,41.28,33.57,48.46,3.87,4.59,5.23,20.66,23.00,28.00,84.00,81.22
1980,2.17,1.85,-13.65,-13.49,10.08,7.42,14.11,15.15,-2.08,-2.70,68.50,71.80,186.00,203.88,151.00,144.28,259.00,256.47,110.00,113.50,111.00,111.33,49.00,48.92,6.58,10.47,7.67,8.71,15.00,16.80,5818.81,5978.52,14.52,10.35,44.00,34.62,2.00,6.00,33.00,29.47,0.00,0.00,11.51,9.22,107.00,112.00,1.58,9.07,192.00,176.75,102.00,112.96,293.00,287.80,2539.10,2285.34,1596.01,1427.13,760.25,689.08,421.44,394.36,67.65,50.13,91.17,104.38,206.71,178.39,50.77,48.94,63.00,53.29,10.00,8.00,0.00,2.00,33.38,41.25,48.39,48.43,4.19,4.58,21.20,20.59,25.00,28.00,95.00,81.31
1981,4.21,1.88,-8.33,-13.41,8.41,7.44,17.43,15.17,-0.75,-2.69,67.12,71.76,203.00,203.69,136.00,144.16,243.00,256.63,96.00,113.25,76.00,111.00,22.00,48.50,5.21,10.37,4.66,8.65,52.00,17.10,5153.29,5967.56,15.34,10.43,52.00,34.76,13.00,6.00,36.00,29.85,0.00,0.00,18.08,9.34,106.00,112.25,19.21,9.14,174.00,177.00,109.00,112.81,282.00,287.90,2508.01,2288.00,1641.03,1429.26,877.68,690.98,284.42,394.10,43.67,49.71,82.35,104.86,125.79,177.88,31.40,48.94,39.00,53.24,5.00,8.00,0.00,2.00,26.40,41.22,28.27,48.39,3.91,4.57,5.43,20.51,25.00,28.00,64.00,81.40
1982,-0.01,1.91,-18.97,-13.34,5.83,7.47,14.97,15.18,-3.90,-2.67,71.96,71.72,203.00,203.50,150.00,144.04,257.00,256.79,140.00,113.00,130.00,110.67,69.00,48.08,13.15,10.26,13.42,8.60,0.00,17.40,6612.60,5956.60,5.75,10.50,30.00,34.90,2.00,6.00,7.00,30.23,0.00,0.00,5.48,9.45,106.00,112.50,4.58,9.20,173.00,177.25,116.00,112.67,288.00,288.00,2202.23,2290.66,1377.75,1431.40,673.75,692.88,409.02,393.84,70.54,49.29,87.22,105.34,180.75,177.37,68.61,48.94,58.00,53.19,8.00,8.00,2.00,2.00,50.90,41.20,54.28,48.35,4.38,4.55,28.21,20.44,19.00,28.00,87.00,81.48
1983,1.79,1.94,-10.28,-13.27,6.86,7.49,15.39,15.20,-4.57,-2.66,75.06,71.68,209.00,203.31,144.00,143.92,262.00,256.95,122.00,112.75,106.00,110.33,38.00,47.67,10.68,10.16,8.49,8.55,18.00,17.70,5990.67,5945.65,8.49,10.57,37.00,35.04,8.00,6.00,8.00,30.61,0.00,0.00,10.68,9.57,117.00,112.75,14.55,9.26,204.00,177.50,106.00,112.52,309.00,288.10,2362.71,2293.33,1434.26,1433.53,726.67,694.78,467.43,393.58,56.53,48.88,58.00,105.82,289.58,176.86,70.69,48.94,60.00,53.14,11.00,8.00,3.00,2.00,37.38,41.17,39.10,48.32,4.67,4.54,22.49,20.36,21.00,28.00,94.00,81.57
1984,2.00,1.97,-10.31,-13.19,8.32,7.51,16.05,15.21,-6.00,-2.65,72.79,71.64,202.00,203.13,145.00,143.79,265.00,257.11,115.00,112.50,111.00,110.00,45.00,47.25,10.68,10.05,13.97,8.49,44.00,18.00,5953.71,5934.69,13.97,10.64,45.00,35.18,16.00,6.00,52.00,30.98,0.00,0.00,15.07,9.68,119.00,113.00,30.63,9.33,171.00,177.75,94.00,112.37,264.00,288.20,2247.26,2295.99,1416.10,1435.66,749.48,696.67,450.17,393.33,33.22,48.46,166.77,106.30,158.74,176.34,86.44,48.94,65.00,53.10,8.00,8.00,2.00,2.00,47.37,41.14,50.83,48.28,4.29,4.53,18.52,20.28,19.00,28.00,100.00,81.66
1985,1.16,2.00,-13.99,-13.12,7.99,7.54,13.94,15.23,-6.69,-2.63,68.93,71.61,203.00,202.94,155.00,143.67,247.00,257.26,109.00,112.25,101.00,109.67,49.00,46.83,16.99,9.95,14.52,8.44,22.00,18.30,6186.05,5923.73,7.95,10.71,29.00,35.32,6.00,6.00,23.00,31.36,0.00,0.00,7.12,9.80,91.00,113.25,3.97,9.39,180.00,178.00,117.00,112.22,296.00,288.30,2102.34,2298.65,1270.03,1437.80,566.70,698.57,370.55,393.07,36.28,48.04,136.89,106.79,140.36,175.83,55.98,48.95,53.00,53.05,5.00,8.00,1.00,2.00,51.51,41.11,51.51,48.25,3.80,4.52,20.74,20.21,20.00,28.00,91.00,81.74
1986,2.80,2.03,-9.15,-13.04,8.52,7.56,13.98,15.25,-2.98,-2.62,69.90,71.57,190.00,202.75,136.00,143.55,249.00,257.42,103.00,112.00,93.00,109.33,30.00,46.42,10.41,9.85,11.23,8.39,51.00,18.60,5600.32,5912.78,15.07,10.79,28.00,35.46,8.00,6.00,55.00,31.74,0.00,0.00,16.44,9.91,112.00,113.50,10.69,9.45,208.00,178.25,94.00,112.07,301.00,288.40,2368.39,2301.31,1399.72,1439.93,653.71,700.47,462.10,392.81,53.65,47.63,128.98,107.27,198.58,175.32,85.95,48.95,56.00,53.00,15.00,8.00,4.00,2.00,60.24,41.09,66.80,48.21,5.51,4.50,30.49,20.13,21.00,28.00,80.00,81.83
1987,4.48,2.07,-7.55,-12.97,9.90,7.59,14.72,15.26,0.61,-2.61,59.19,71.53,183.00,202.56,141.00,143.42,280.00,257.58,91.00,111.75,79.00,109.00,8.00,46.00,4.66,9.74,3.84,8.33,57.00,18.90,4994.97,5901.82,14.79,10.86,34.00,35.60,6.00,6.00,68.00,32.11,0.00,0.00,15.62,10.03,138.00,113.75,14.66,9.52,195.00,178.50,93.00,111.93,287.00,288.50,2550.53,2303.98,1609.74,1442.07,749.87,702.37,377.92,392.56,42.41,47.21,70.06,107.75,241.89,174.81,16.83,48.95,57.00,52.95,6.00,8.00,3.00,2.00,35.11,41.06,40.91,48.18,4.48,4.49,29.14,20.06,45.00,28.00,82.00,81.91
1988,3.40,2.10,-10.93,-12.90,10.19,7.61,15.59,15.28,-1.03,-2.59,70.40,71.49,203.00,202.38,123.00,143.30,261.00,257.74,90.00,111.50,88.00,108.67,40.00,45.58,5.48,9.64,4.11,8.28,28.00,19.20,5419.32,5890.86,19.73,10.93,47.00,35.74,12.00,6.00,39.00,32.49,0.00,0.00,16.71,10.14,137.00,114.00,20.50,9.58,179.00,178.75,117.00,111.78,295.00,288.60,2532.25,2306.64,1660.75,1444.20,875.87,704.26,419.89,392.30,46.66,46.79,82.66,108.23,243.87,174.30,45.96,48.95,46.00,52.90,13.00,8.00,4.00,2.00,49.67,41.03,62.90,48.14,5.62,4.48,45.04,19.98,25.00,28.00,71.00,82.00
1989,2.17,2.13,-15.20,-12.82,7.92,7.63,15.93,15.29,-2.64,-2.58,73.58,71.45,200.00,202.19,148.00,143.18,253.00,257.89,110.00,111.25,113.00,108.33,50.00,45.17,11.23,9.53,6.58,8.23,15.00,19.50,5868.95,5879.91,11.78,11.00,41.00,35.88,7.00,6.00,32.00,32.87,0.00,0.00,12.05,10.25,104.00,114.25,16.59,9.65,183.00,179.00,118.00,111.63,300.00,288.70,2417.70,2309.30,1536.63,1446.34,779.76,706.16,384.19,392.04,52.66,46.38,84.90,108.71,196.74,173.79,54.39,48.95,52.00,52.86,7.00,8.00,3.00,2.00,44.30,41.01,49.47,48.10,3.98,4.46,20.19,19.91,28.00,28.00,91.00,82.09
1990,2.32,2.16,-8.96,-12.75,7.92,7.66,16.18,15.31,-4.41,-2.57,73.82,71.41,204.00,202.00,140.00,143.06,261.00,258.05,98.00,111.00,100.00,108.00,44.00,44.75,12.05,9.43,9.86,8.17,31.00,19.80,5794.55,5868.95,14.25,11.07,49.00,36.02,8.00,6.00,54.00,33.25,0.00,0.00,14.25,10.37,120.00,114.50,13.07,9.71,170.00,179.25,107.00,111.48,276.00,288.80,2369.91,2311.96,1547.69,1448.47,799.18,708.06,367.76,391.79,49.60,45.96,81.66,109.19,170.00,173.27,61.82,48.96,50.00,52.81,9.00,8.00,2.00,2.00,42.51,40.98,53.59,48.07,4.20,4.45,19.45,19.83,25.00,28.00,83.00,82.17
1991,2.81,2.19,-12.08,-12.67,8.60,7.68,16.79,15.32,-4.75,-2.56,77.88,71.37,204.00,201.81,144.00,142.93,260.00,258.21,109.00,110.75,108.00,107.67,40.00,44.33,12.05,9.32,9.32,8.12,26.00,20.10,5649.92,5858.00,14.25,11.15,49.00,36.16,11.00,6.00,34.00,33.62,0.00,0.00,18.36,10.48,115.00,114.75,28.65,9.77,196.00,179.50,99.00,111.33,294.00,288.90,2555.26,2314.63,1658.34,1450.60,875.86,709.96,371.38,391.53,48.79,45.54,165.15,109.67,96.86,172.76,70.09,48.96,50.00,52.76,7.00,8.00,1.00,2.00,69.55,40.95,69.55,48.03,4.56,4.44,17.06,19.75,23.00,28.00,78.00,82.26
1992,2.70,2.22,-7.49,-12.60,8.40,7.70,13.56,15.34,-2.32,-2.54,74.99,71.34,205.00,201.63,143.00,142.81,237.00,258.37,98.00,110.50,86.00,107.33,31.00,43.92,13.70,9.22,9.59,8.07,41.00,20.40,5617.21,5847.04,15.07,11.22,36.00,36.30,6.00,6.00,39.00,34.00,0.00,0.00,14.79,10.60,93.00,115.00,5.37,9.84,171.00,179.75,114.00,111.19,284.00,289.00,2140.09,2317.29,1304.77,1452.74,643.77,711.86,323.47,391.27,43.87,45.13,99.36,110.15,111.15,172.25,59.96,48.96,47.00,52.71,7.00,8.00,0.00,2.00,22.86,40.93,30.66,48.00,3.72,4.43,10.62,19.68,29.00,28.00,83.00,82.34
1993,2.42,2.25,-13.54,-12.53,8.91,7.73,13.51,15.35,-1.82,-2.53,70.54,71.30,197.00,201.44,144.00,142.69,256.00,258.53,97.00,110.25,97.00,107.00,39.00,43.50,8.49,9.11,7.40,8.02,31.00,20.70,5705.19,5836.08,12.05,11.29,18.00,36.44,2.00,6.00,29.00,34.38,0.00,0.00,12.60,10.71,111.00,115.25,0.53,9.90,184.00,180.00,118.00,111.04,301.00,289.10,2151.67,2319.95,1279.14,1454.87,537.33,713.75,409.70,391.01,20.39,44.71,144.85,110.63,205.38,171.74,38.94,48.96,56.00,52.67,9.00,8.00,1.00,2.00,44.26,40.90,51.14,47.96,4.80,4.41,23.30,19.60,47.00,28.00,82.00,82.43
1994,1.66,2.28,-15.30,-12.45,8.14,7.75,15.94,15.37,-3.28,-2.52,75.02,71.26,192.00,201.25,141.00,142.57,281.00,258.68,108.00,110.00,107.00,106.67,62.00,43.08,8.22,9.01,7.67,7.96,12.00,21.00,6006.90,5825.13,10.68,11.36,44.00,36.58,2.00,6.00,20.00,34.75,0.00,0.00,8.22,10.83,139.00,115.50,4.30,9.96,161.00,180.25,124.00,110.89,284.00,289.20,2279.03,2322.62,1479.84,1457.01,752.45,715.65,409.07,390.76,71.25,44.29,108.52,111.12,162.13,171.23,69.37,48.97,58.00,52.62,6.00,8.00,2.00,2.00,39.78,40.87,47.75,47.93,4.37,4.40,23.37,19.53,31.00,28.00,90.00,82.52
1995,1.57,2.31,-11.60,-12.38,7.78,7.78,14.79,15.38,-5.51,-2.50,68.54,71.22,218.00,201.06,146.00,142.44,259.00,258.84,118.00,109.75,115.00,106.33,45.00,42.67,11.23,8.90,7.67,7.91,13.00,21.30,6049.14,5814.17,11.51,11.43,37.00,36.72,7.00,6.00,24.00,35.13,0.00,0.00,9.32,10.94,112.00,115.75,8.69,10.03,173.00,180.50,122.00,110.74,294.00,289.30,2293.33,2325.28,1447.75,1459.14,723.19,717.55,284.51,390.50,31.82,43.88,76.18,111.60,118.21,170.71,61.69,48.97,45.00,52.57,1.00,8.00,1.00,2.00,40.82,40.85,47.52,47.89,3.12,4.39,9.41,19.45,23.00,28.00,84.00,82.60
1996,-0.24,2.34,-14.85,-12.30,5.92,7.80,15.24,15.40,-6.05,-2.49,74.95,71.18,205.00,200.88,132.00,142.32,253.00,259.00,127.00,109.50,126.00,106.00,73.00,42.25,15.34,8.80,18.90,7.86,9.00,21.60,6707.91,5803.21,7.95,11.51,37.00,36.86,6.00,6.00,20.00,35.51,0.00,0.00,6.58,11.06,120.00,116.00,7.48,10.09,171.00,180.75,118.00,110.59,288.00,289.40,2163.30,2327.94,1354.69,1461.27,667.47,719.45,444.81,390.24,26.64,43.46,127.29,112.08,192.93,170.20,96.36,48.97,68.00,52.52,4.00,8.00,1.00,2.00,28.98,40.82,37.13,47.86,3.85,4.38,12.83,19.37,24.00,28.00,110.00,82.69
1997,2.65,2.37,-16.26,-12.23,7.53,7.82,15.62,15.42,-0.31,-2.48,77.08,71.14,205.00,200.69,143.00,142.20,257.00,259.16,104.00,109.25,106.00,105.67,37.00,41.83,10.14,8.69,7.12,7.80,23.00,21.90,5661.63,5792.26,14.79,11.58,50.00,37.00,10.00,6.00,46.00,35.89,0.00,0.00,12.60,11.17,113.00,116.25,10.49,10.15,173.00,181.00,106.00,110.44,278.00,289.50,2378.84,2330.60,1527.14,1463.41,795.09,721.34,366.83,389.99,44.83,43.04,151.67,112.56,139.71,169.69,33.97,48.97,58.00,52.48,9.00,8.00,0.00,2.00,27.77,40.79,34.18,47.82,4.41,4.36,8.98,19.30,22.00,28.00,79.00,82.77
1998,3.13,2.40,-11.73,-12.16,9.57,7.85,17.19,15.43,-1.30,-2.46,75.24,71.11,188.00,200.50,154.00,142.08,273.00,259.32,111.00,109.00,106.00,105.33,41.00,41.42,6.30,8.59,4.11,7.75,26.00,22.20,5532.40,5781.30,14.79,11.65,63.00,37.14,13.00,6.00,32.00,36.26,0.00,0.00,7.95,11.28,118.00,116.50,20.70,10.22,168.00,181.25,116.00,110.30,283.00,289.60,2498.18,2333.27,1663.21,1465.54,888.34,723.24,304.27,389.73,38.68,42.63,43.68,113.04,156.02,169.18,54.41,48.97,45.00,52.43,11.00,8.00,0.00,2.00,35.61,40.77,51.38,47.78,4.46,4.35,16.43,19.22,27.00,28.00,65.00,82.86
1999,2.79,2.43,-13.24,-12.08,7.90,7.87,14.39,15.45,-0.82,-2.45,69.00,71.07,203.00,200.31,137.00,141.95,255.00,259.47,98.00,108.75,93.00,105.00,27.00,41.00,8.22,8.48,7.12,7.70,15.00,22.50,5583.77,5770.34,9.86,11.72,32.00,37.28,1.00,6.00,32.00,36.64,0.00,0.00,6.58,11.40,117.00,116.75,0.81,10.28,194.00,181.50,111.00,110.15,304.00,289.70,2196.22,2335.93,1300.12,1467.68,579.44,725.14,450.36,389.47,62.07,42.21,105.65,113.52,256.50,168.67,38.85,48.98,55.00,52.38,9.00,8.00,4.00,2.00,79.39,40.74,83.24,47.75,5.19,4.34,36.61,19.15,30.00,28.00,84.00,82.95
2000,1.53,2.47,-11.14,-12.01,7.25,7.90,14.71,15.46,-3.76,-2.44,64.71,71.03,208.00,200.13,150.00,141.83,254.00,259.63,109.00,108.50,111.00,104.67,53.00,40.58,11.78,8.38,9.86,7.64,21.00,22.80,6043.59,5759.39,6.30,11.80,28.00,37.42,1.00,6.00,33.00,37.02,0.00,0.00,5.21,11.51,103.00,117.00,2.75,10.35,166.00,181.75,109.00,110.00,274.00,289.80,2131.22,2338.59,1311.02,1469.81,583.98,727.04,497.09,389.22,37.41,41.79,83.21,114.00,345.31,168.15,31.85,48.98,61.00,52.33,11.00,8.00,4.00,2.00,83.06,40.71,109.14,47.71,5.93,4.32,42.75,19.07,39.00,28.00,82.00,83.03
2001,3.50,2.50,-9.58,-11.93,7.30,7.92,16.62,15.48,-1.36,-2.42,66.97,70.99,208.00,199.94,141.00,141.71,255.00,259.79,101.00,108.25,94.00,104.33,31.00,40.17,5.75,8.27,4.38,7.59,21.00,23.10,5380.16,5748.43,15.07,11.87,60.00,37.56,14.00,6.00,55.00,37.39,0.00,0.00,10.96,11.63,113.00,117.25,14.91,10.41,179.00,182.00,113.00,109.85,291.00,289.90,2475.45,2341.25,1597.82,1471.94,820.56,728.94,237.62,388.96,11.30,41.38,87.19,114.48,103.56,167.64,35.57,48.98,37.00,52.29,3.00,8.00,0.00,2.00,23.24,40.69,23.24,47.68,3.53,4.31,8.00,19.00,39.00,28.00,63.00,83.12
2002,2.33,2.53,-12.91,-11.86,5.02,7.94,17.14,15.49,-1.92,-2.41,74.44,70.95,224.00,199.75,146.00,141.59,266.00,259.95,111.00,108.00,107.00,104.00,44.00,39.75,17.26,8.17,8.22,7.54,50.00,23.40,5876.58,5737.48,17.81,11.94,60.00,37.70,19.00,6.00,65.00,37.77,0.00,0.00,16.16,11.74,119.00,117.50,57.65,10.47,136.00,182.25,130.00,109.70,265.00,290.00,2175.41,2343.92,1495.96,1474.08,856.18,730.83,220.82,388.70,11.03,40.96,46.05,114.96,113.18,167.13,43.26,48.98,36.00,52.24,3.00,8.00,0.00,2.00,22.07,40.66,28.45,47.64,3.55,4.30,0.00,18.92,52.00,28.00,58.00,83.21
2003,2.47,2.56,-13.60,-11.78,8.41,7.97,16.82,15.51,-2.39,-2.40,71.14,70.91,190.00,199.56,139.00,141.46,259.00,260.11,119.00,107.75,121.00,103.67,45.00,39.33,8.22,8.06,10.68,7.49,27.00,23.70,5807.79,5726.52,15.34,12.01,59.00,37.84,16.00,6.00,53.00,38.15,0.00,0.00,13.97,11.86,119.00,117.75,30.20,10.54,194.00,182.50,108.00,109.56,301.00,290.10,2604.87,2346.58,1678.02,1476.21,900.49,732.73,379.37,388.44,39.20,40.54,130.73,115.45,190.92,166.62,21.92,48.98,52.00,52.19,5.00,8.00,1.00,2.00,69.44,40.63,72.03,47.61,4.45,4.29,21.97,18.84,41.00,28.00,80.00,83.29
2004,2.20,2.59,-11.24,-11.71,7.18,7.99,14.05,15.52,-1.15,-2.39,76.44,70.87,209.00,199.38,144.00,141.34,256.00,260.26,101.00,107.50,91.00,103.33,34.00,38.92,8.77,7.96,11.78,7.43,15.00,24.00,5803.33,5715.56,12.60,12.08,24.00,37.98,2.00,6.00,40.00,38.53,0.00,0.00,10.41,11.97,111.00,118.00,6.62,10.60,178.00,182.75,111.00,109.41,288.00,290.20,2124.42,2349.24,1270.13,1478.35,542.77,734.63,431.99,388.19,48.23,40.13,125.28,115.93,207.40,166.11,39.55,48.99,55.00,52.14,13.00,8.00,2.00,2.00,40.33,40.61,42.83,47.57,5.01,4.27,18.69,18.77,39.00,28.00,84.00,83.38
2005,3.00,2.62,-11.82,-11.64,7.69,8.01,14.31,15.54,-0.49,-2.37,67.24,70.84,187.00,199.19,134.00,141.22,265.00,260.42,90.00,107.25,83.00,103.00,30.00,38.50,7.12,7.85,6.85,7.38,49.00,24.30,5501.38,5704.61,13.15,12.16,23.00,38.12,1.00,6.00,51.00,38.90,0.00,0.00,14.25,12.09,130.00,118.25,2.36,10.66,207.00,183.00,95.00,109.26,301.00,290.30,2319.21,2351.90,1344.16,1480.48,559.32,736.53,574.76,387.93,74.83,39.71,183.95,116.41,292.44,165.59,38.97,48.99,73.00,52.10,12.00,8.00,4.00,2.00,119.01,40.58,120.51,47.53,5.73,4.26,34.37,18.69,19.00,28.00,99.00,83.46
2006,3.43,2.65,-7.99,-11.56,9.10,8.04,16.45,15.55,-4.01,-2.36,64.23,70.80,195.00,199.00,124.00,141.09,261.00,260.58,123.00,107.00,97.00,102.67,23.00,38.08,3.84,7.75,7.95,7.33,51.00,24.60,5393.47,5693.65,8.49,12.23,48.00,38.26,8.00,6.00,41.00,39.28,0.00,0.00,14.52,12.20,136.00,118.50,12.24,10.73,184.00,183.25,98.00,109.11,281.00,290.40,2542.90,2354.57,1638.37,1482.61,855.90,738.42,438.66,387.67,45.97,39.29,128.22,116.89,190.30,165.08,74.17,48.99,64.00,52.05,10.00,8.00,1.00,2.00,47.29,40.55,67.39,47.50,4.25,4.25,14.37,18.62,34.00,28.00,100.00,83.55
2007,2.46,2.68,-11.41,-11.49,8.28,8.06,15.73,15.57,-3.09,-2.35,66.22,70.76,189.00,198.81,139.00,140.97,256.00,260.74,112.00,106.75,108.00,102.33,41.00,37.67,4.38,7.64,5.75,7.27,23.00,24.90,5772.48,5682.69,10.14,12.30,38.00,38.40,8.00,6.00,19.00,39.66,0.00,0.00,12.60,12.31,116.00,118.75,29.72,10.79,201.00,183.50,103.00,108.96,303.00,290.50,2486.46,2357.23,1514.21,1484.75,720.10,740.32,387.16,387.42,38.46,38.88,141.42,117.37,150.13,164.57,52.32,48.99,46.00,52.00,7.00,8.00,2.00,2.00,51.19,40.53,55.09,47.46,4.44,4.24,24.31,18.54,20.00,28.00,83.00,83.64
2008,1.84,2.71,-12.68,-11.41,6.19,8.09,15.64,15.59,-1.51,-2.33,73.20,70.72,203.00,198.63,130.00,140.85,267.00,260.89,108.00,106.50,110.00,102.00,51.00,37.25,6.85,7.54,6.03,7.22,11.00,25.20,5955.51,5671.74,8.22,12.37,32.00,38.54,6.00,6.00,28.00,40.03,0.00,0.00,9.04,12.43,136.00,119.00,12.30,10.85,187.00,183.75,122.00,108.81,308.00,290.60,2370.28,2359.89,1482.56,1486.88,720.71,742.22,323.95,387.16,31.26,38.46,106.36,117.85,149.48,164.06,35.20,48.99,49.00,51.95,10.00,8.00,0.00,2.00,25.74,40.50,28.38,47.43,4.21,4.22,10.36,18.46,29.00,28.00,72.00,83.72
2009,1.29,2.74,-15.41,-11.34,6.36,8.11,15.91,15.60,-3.08,-2.32,70.21,70.68,207.00,198.44,159.00,140.73,271.00,261.05,108.00,106.25,107.00,101.67,58.00,36.83,14.52,7.43,11.78,7.17,20.00,25.50,6149.69,5660.78,10.68,12.44,36.00,38.68,8.00,6.00,42.00,40.41,0.00,0.00,10.14,12.54,111.00,119.25,4.12,10.92,182.00,184.00,99.00,108.67,280.00,290.70,2258.85,2362.56,1411.92,1489.02,709.93,744.12,273.85,386.90,35.37,38.04,47.91,118.33,139.55,163.55,52.66,49.00,37.00,51.90,3.00,8.00,1.00,2.00,28.50,40.47,30.29,47.39,3.53,4.21,16.01,18.39,25.00,28.00,73.00,83.81
2010,2.59,2.77,-10.38,-11.27,7.72,8.13,14.39,15.62,-2.71,-2.31,65.90,70.64,196.00,198.25,149.00,140.60,260.00,261.21,107.00,106.00,103.00,101.33,36.00,36.42,5.75,7.33,6.30,7.11,31.00,25.80,5654.37,5649.82,11.78,12.52,24.00,38.82,0.00,6.00,51.00,40.79,0.00,0.00,9.59,12.66,110.00,119.50,0.39,10.98,190.00,184.25,106.00,108.52,295.00,290.80,2313.06,2365.22,1402.56,1491.15,661.31,746.01,439.39,386.65,16.93,37.63,197.99,118.81,182.23,163.03,47.08,49.00,56.00,51.86,14.00,8.00,2.00,2.00,36.42,40.44,36.68,47.36,4.95,4.20,22.55,18.31,36.00,28.00,86.00,83.89
2011,,2.80,,-11.19,,8.16,,15.63,,-2.29,,70.60,,198.06,,140.48,,261.37,,105.75,,101.00,,36.00,,7.22,,7.06,,26.10,,5638.87,,12.59,,38.96,,6.00,,41.17,,0.00,,12.77,,119.75,,11.05,,184.50,,108.37,,290.90,,2367.88,,1493.29,,747.91,,386.39,,37.21,,119.29,,162.52,,49.00,,51.81,,8.00,,2.00,,40.42,,47.32,,4.18,,18.24,,28.00,,83.98
