Station:,"53.3509,-116.9553",,,,Station ID:,374,,Begin Yr:,1949,,,,,,,,,,,,,,,,,,,,,,,,,,,,,,,,,,,,,,,,,,,,,,,,,,,,,,,,,,,,,,,,,,,,,,,,,,,,,,,
Lat:,53.35089874,Lon:,-116.9552994,,Country:,Canada,,End Yr:,2011,,,,,,,,,,,,,,,,,,,,,,,,,,,,,,,,,,,,,,,,,,,,,,,,,,,,,,,,,,,,,,,,,,,,,,,,,,,,,,,
Trend (/yr):,,,,,,,,,,,,,,,,,,,,,,,,,,,,,,,,,,,,,,,,,,,,,,,,,,,,,,,,,,,,,,,,,,,,,,,,,,,,,,,,,,,,,,,,
Significance:,,,,,,,,,,,,,,,,,,,,,,,,,,,,,,,,,,,,,,,,,,,,,,,,,,,,,,,,,,,,,,,,,,,,,,,,,,,,,,,,,,,,,,,,
Year,01TMEAN,01TMEAN Trendline,02TWinter,02TWinter Trendline,03TSpring,03TSpring Trendline,04TSummer,04TSummer Trendline,05TFall,05TFall Trendline,06TRange,06TRange Trendline,21FrostDays,21FrostDays Trendline,22FrostLast,22FrostLast Trendline,23FrostFirst,23FrostFirst Trendline,24IceDays,24IceDays Trendline,25Tmin10,25Tmin10 Trendline,26Tmin20,26Tmin20 Trendline,27ColdNights,27ColdNights Trendline,28ColdDays,28ColdDays Trendline,29ColdSpell,29ColdSpell Trendline,30HeatingDD,30HeatingDD Trendline,40Tmax90,40Tmax90 Trendline,41SummerDays,41SummerDays Trendline,42Tmax30,42Tmax30 Trendline,43HWDI,43HWDI Trendline,44TropNight,44TropNight Trendline,45Tmin90,45Tmin90 Trendline,46FrostFree,46FrostFree Trendline,47CoolingDD,47CoolingDD Trendline,61GSL,61GSL Trendline,62GSLBegin,62GSLBegin Trendline,63GSLEnd,63GSLEnd Trendline,64GDD0,64GDD0 Trendline,65GDD5,65GDD5 Trendline,66GDD10,66GDD10 Trendline,81PAnnual,81PAnnual Trendline,82PWinter,82PWinter Trendline,83PSpring,83PSpring Trendline,84PSummer,84PSummer Trendline,85PFall,85PFall Trendline,86Pge2,86Pge2 Trendline,87Pge10,87Pge10 Trendline,88Pge20,88Pge20 Trendline,89P3days,89P3days Trendline,90P5days,90P5days Trendline,91SDPI,91SDPI Trendline,92Pge95,92Pge95 Trendline,93DryPeriod,93DryPeriod Trendline,94PDays1,94PDays1 Trendline
1949,,,,,,,,,,,,,,,,,,,,,,,,,,,,,,,,,,,,,,,,,,,,,,,,,,,,,,,,,,,,,,,,,,,,,,,,,,,,,,,,,,,,,,,,
1950,-0.27,1.16,-16.69,-11.20,5.47,5.69,13.31,12.48,-5.27,-1.80,77.42,69.60,235.00,218.35,159.00,158.91,228.00,248.00,114.00,86.65,127.00,105.33,59.00,44.89,17.26,11.85,14.79,11.85,0.00,12.79,6678.67,6156.30,8.77,7.95,29.00,12.68,2.00,1.00,14.00,16.66,0.00,0.00,2.74,8.21,68.00,92.67,0.00,0.00,143.00,155.64,128.00,125.10,270.00,276.21,1782.10,1795.84,1069.65,1004.40,434.97,349.68,442.66,556.85,69.92,80.71,93.17,142.86,161.66,232.98,111.35,83.68,90.00,84.00,5.00,10.00,0.00,2.00,29.22,44.69,35.08,52.59,4.20,4.69,0.00,18.27,26.00,22.20,105.00,118.00
1951,-0.06,1.19,-13.50,-11.12,6.09,5.71,12.17,12.49,-4.54,-1.78,69.61,69.56,213.00,218.32,178.00,158.84,257.00,248.06,121.00,86.22,128.00,104.89,56.00,44.53,19.18,11.78,19.18,11.78,0.00,13.00,6593.86,6143.53,6.85,8.04,13.00,12.81,0.00,1.00,7.00,17.02,0.00,0.00,4.38,8.28,78.00,92.78,0.00,0.00,151.00,156.10,115.00,124.86,265.00,276.43,1665.50,1799.27,928.93,1006.39,324.82,351.26,530.14,555.72,95.59,80.19,123.38,142.76,185.65,232.98,128.42,83.30,107.00,83.80,7.00,10.00,1.00,2.00,44.38,44.72,46.41,52.66,4.28,4.68,4.69,18.25,23.00,22.29,123.00,117.88
1952,2.88,1.23,-11.73,-11.03,7.37,5.72,12.57,12.50,1.38,-1.77,66.23,69.52,196.00,218.29,147.00,158.77,242.00,248.13,71.00,85.78,90.00,104.45,31.00,44.16,6.30,11.71,6.03,11.71,22.00,13.21,5521.86,6130.77,8.49,8.13,13.00,12.94,0.00,1.00,29.00,17.39,0.00,0.00,12.33,8.36,94.00,92.90,0.00,0.00,203.00,156.57,101.00,124.62,303.00,276.64,2162.25,1802.71,1170.95,1008.37,373.13,352.84,473.14,554.58,53.73,79.68,142.56,142.66,267.85,232.98,12.66,82.92,75.00,83.60,12.00,10.00,2.00,2.00,56.46,44.75,61.86,52.73,5.46,4.68,17.82,18.23,68.00,22.37,86.00,117.76
1953,2.95,1.27,-8.21,-10.94,5.38,5.74,12.35,12.52,1.27,-1.75,69.78,69.48,205.00,218.26,144.00,158.71,260.00,248.19,57.00,85.35,80.00,104.02,19.00,43.79,5.48,11.64,10.14,11.64,16.00,13.43,5497.33,6118.00,7.67,8.22,13.00,13.08,0.00,1.00,9.00,17.76,0.00,0.00,10.68,8.44,115.00,93.01,0.00,0.00,180.00,157.04,123.00,124.38,302.00,276.86,1912.93,1806.14,1033.11,1010.36,320.09,354.41,596.34,553.44,108.06,79.16,175.42,142.56,260.21,232.98,44.55,82.54,104.00,83.40,6.00,10.00,2.00,2.00,73.67,44.79,73.67,52.80,4.88,4.67,15.22,18.21,15.00,22.46,122.00,117.65
1954,1.30,1.30,-9.88,-10.85,2.00,5.75,11.92,12.53,1.54,-1.73,68.01,69.44,206.00,218.23,135.00,158.64,260.00,248.25,88.00,84.91,94.00,103.58,35.00,43.42,13.15,11.58,17.26,11.58,39.00,13.64,6095.97,6105.23,7.12,8.31,5.00,13.21,0.00,1.00,29.00,18.12,0.00,0.00,11.51,8.52,124.00,93.13,0.00,0.00,139.00,157.50,133.00,124.14,271.00,277.07,1532.08,1809.58,843.19,1012.35,247.45,355.99,712.14,552.30,75.59,78.65,287.15,142.46,310.20,232.98,36.61,82.16,111.00,83.20,15.00,10.00,2.00,2.00,72.77,44.82,76.14,52.87,5.30,4.66,18.57,18.19,24.00,22.54,133.00,117.53
1955,0.09,1.34,-9.24,-10.77,4.27,5.77,13.03,12.54,-7.65,-1.72,69.71,69.40,232.00,218.19,159.00,158.57,252.00,248.31,112.00,84.48,120.00,103.14,71.00,43.05,15.89,11.51,16.16,11.51,9.00,13.86,6555.35,6092.46,7.12,8.40,22.00,13.34,1.00,1.00,13.00,18.49,0.00,0.00,8.22,8.59,92.00,93.25,0.58,0.00,165.00,157.97,135.00,123.89,299.00,277.29,1755.79,1813.01,976.40,1014.34,378.57,357.57,566.61,551.16,61.06,78.13,164.97,142.36,197.09,232.97,122.12,81.78,97.00,83.00,11.00,10.00,1.00,2.00,46.85,44.85,54.14,52.94,4.37,4.65,14.33,18.17,12.00,22.63,127.00,117.41
1956,1.42,1.37,-13.82,-10.68,6.22,5.78,13.32,12.56,-3.06,-1.70,69.24,69.36,220.00,218.16,133.00,158.50,245.00,248.38,84.00,84.04,97.00,102.71,56.00,42.68,12.60,11.44,11.51,11.44,25.00,14.07,6068.70,6079.69,10.96,8.49,23.00,13.47,1.00,1.00,27.00,18.86,0.00,0.00,12.60,8.67,111.00,93.36,0.00,0.00,161.00,158.43,125.00,123.65,285.00,277.50,1914.90,1816.45,1131.73,1016.32,462.01,359.15,516.79,550.03,105.56,77.62,121.37,142.26,192.36,232.97,128.84,81.40,80.00,82.80,9.00,10.00,1.00,2.00,43.61,44.88,47.61,53.01,4.53,4.64,10.42,18.14,33.00,22.71,112.00,117.29
1957,1.44,1.41,-10.92,-10.59,6.44,5.80,11.76,12.57,-0.96,-1.68,65.52,69.32,212.00,218.13,145.00,158.43,260.00,248.44,91.00,83.61,105.00,102.27,35.00,42.32,11.23,11.37,10.14,11.37,7.00,14.29,6044.15,6066.93,4.38,8.58,3.00,13.60,0.00,1.00,6.00,19.22,0.00,0.00,7.67,8.75,114.00,93.48,0.00,0.00,168.00,158.90,108.00,123.41,275.00,277.71,1827.77,1819.88,1008.37,1018.31,301.26,360.73,514.48,548.89,69.14,77.11,89.79,142.16,232.97,232.97,116.71,81.03,81.00,82.60,9.00,10.00,0.00,2.00,33.15,44.92,42.73,53.08,4.29,4.63,7.18,18.12,19.00,22.80,117.00,117.18
1958,2.68,1.44,-9.12,-10.50,6.52,5.81,13.60,12.59,-1.65,-1.67,63.11,69.28,224.00,218.10,138.00,158.36,246.00,248.50,84.00,83.17,98.00,101.83,27.00,41.95,7.67,11.30,7.12,11.30,15.00,14.50,5597.80,6054.16,10.96,8.68,32.00,13.74,1.00,1.00,32.00,19.59,0.00,0.00,8.49,8.82,107.00,93.59,0.00,0.00,157.00,159.36,123.00,123.17,279.00,277.93,1903.11,1823.32,1134.08,1020.30,468.35,362.31,453.00,547.75,76.62,76.59,96.51,142.07,221.34,232.97,54.32,80.65,79.00,82.40,6.00,10.00,2.00,2.00,89.43,44.95,106.16,53.15,3.68,4.63,23.57,18.10,32.00,22.89,120.00,117.06
1959,1.39,1.48,-10.54,-10.42,5.52,5.83,11.69,12.60,-1.46,-1.65,68.65,69.24,226.00,218.06,150.00,158.29,244.00,248.56,77.00,82.74,92.00,101.40,45.00,41.58,17.26,11.23,11.51,11.23,25.00,14.71,6069.24,6041.39,6.30,8.77,14.00,13.87,2.00,1.00,16.00,19.95,0.00,0.00,8.22,8.90,93.00,93.71,0.42,0.00,146.00,159.83,132.00,122.93,277.00,278.14,1570.41,1826.76,854.43,1022.28,266.28,363.89,554.12,546.61,68.43,76.08,186.79,141.97,206.59,232.97,89.18,80.27,82.00,82.20,10.00,10.00,1.00,2.00,33.97,44.98,45.63,53.22,4.44,4.62,10.49,18.08,22.00,22.97,120.00,116.94
1960,2.55,1.51,-9.14,-10.33,5.63,5.84,13.46,12.61,-0.85,-1.63,67.02,69.20,220.00,218.03,168.00,158.22,242.00,248.63,85.00,82.30,102.00,100.96,33.00,41.21,9.04,11.16,4.93,11.16,0.00,14.93,5654.34,6028.62,11.78,8.86,27.00,14.00,4.00,1.00,29.00,20.32,0.00,0.00,9.86,8.98,73.00,93.83,0.00,0.00,175.00,160.29,126.00,122.69,300.00,278.36,1872.26,1830.19,1018.15,1024.27,382.88,365.47,504.22,545.47,51.78,75.56,173.18,141.87,223.29,232.97,68.47,79.89,74.00,82.00,11.00,10.00,5.00,2.00,46.82,45.02,63.46,53.29,4.60,4.61,29.63,18.06,34.00,23.06,107.00,116.82
1961,2.73,1.55,-5.46,-10.24,7.57,5.86,13.58,12.63,-4.83,-1.62,69.94,69.16,230.00,218.00,179.00,158.15,245.00,248.69,76.00,81.87,96.00,100.52,28.00,40.84,9.59,11.10,10.68,11.10,17.00,15.14,5594.62,6015.85,14.52,8.95,40.00,14.13,7.00,1.00,42.00,20.69,0.00,0.00,13.70,9.05,65.00,93.94,0.00,0.00,147.00,160.76,132.00,122.45,278.00,278.57,1917.40,1833.63,1205.72,1026.26,577.45,367.05,583.59,544.34,49.64,75.05,135.80,141.77,217.25,232.97,172.30,79.51,69.00,81.80,14.00,10.00,1.00,2.00,38.49,45.05,45.47,53.36,4.87,4.60,21.40,18.04,13.00,23.14,115.00,116.71
1962,2.49,1.58,-10.16,-10.15,5.91,5.88,12.36,12.64,1.70,-1.60,65.14,69.12,202.00,217.97,141.00,158.08,245.00,248.75,74.00,81.43,84.00,100.09,36.00,40.47,8.77,11.03,8.49,11.03,28.00,15.36,5665.27,6003.08,9.59,9.04,12.00,14.26,0.00,1.00,26.00,21.05,0.00,0.00,11.78,9.13,103.00,94.06,0.00,0.00,181.00,161.23,102.00,122.21,282.00,278.79,1854.06,1837.06,993.51,1028.25,337.85,368.63,513.76,543.20,102.72,74.53,122.55,141.67,216.86,232.96,50.73,79.13,81.00,81.60,7.00,10.00,1.00,2.00,31.14,45.08,39.81,53.43,3.88,4.59,7.93,18.02,26.00,23.23,124.00,116.59
1963,3.05,1.62,-7.84,-10.07,6.02,5.89,13.85,12.65,-1.70,-1.58,67.61,69.08,205.00,217.94,147.00,158.01,279.00,248.81,69.00,81.00,83.00,99.65,27.00,40.11,5.21,10.96,6.03,10.96,32.00,15.57,5462.50,5990.32,10.14,9.13,20.00,14.40,0.00,1.00,29.00,21.42,0.00,0.00,15.07,9.21,131.00,94.17,0.00,0.00,166.00,161.69,130.00,121.96,295.00,279.00,2022.94,1840.50,1200.21,1030.23,484.20,370.21,452.09,542.06,117.79,74.02,115.38,141.57,180.67,232.96,65.61,78.76,71.00,81.40,6.00,10.00,1.00,2.00,38.87,45.12,42.84,53.50,3.65,4.59,12.08,18.00,15.00,23.31,117.00,116.47
1964,1.78,1.65,-4.83,-9.98,5.03,5.91,11.69,12.67,-3.10,-1.57,68.46,69.04,211.00,217.90,173.00,157.94,236.00,248.88,72.00,80.57,83.00,99.21,39.00,39.74,10.41,10.89,11.23,10.89,38.00,15.79,5923.04,5977.55,4.93,9.22,6.00,14.53,1.00,1.00,9.00,21.79,0.00,0.00,11.23,9.28,62.00,94.29,0.00,0.00,123.00,162.16,126.00,121.72,248.00,279.21,1455.17,1843.93,843.52,1032.22,294.88,371.79,628.17,540.92,47.55,73.50,206.07,141.47,260.48,232.96,110.11,78.38,73.00,81.20,17.00,10.00,3.00,2.00,49.94,45.15,53.64,53.57,5.18,4.58,31.30,17.97,19.00,23.40,114.00,116.35
1965,1.58,1.69,-10.75,-9.89,4.56,5.92,12.20,12.68,-0.22,-1.55,71.09,69.00,211.00,217.87,173.00,157.87,249.00,248.94,90.00,80.13,98.00,98.78,46.00,39.37,12.60,10.82,16.44,10.82,22.00,16.00,6011.08,5964.78,10.41,9.32,18.00,14.66,1.00,1.00,35.00,22.15,0.00,0.00,13.97,9.36,75.00,94.41,0.95,0.00,141.00,162.62,113.00,121.48,253.00,279.43,1643.18,1847.37,950.82,1034.21,408.77,373.36,737.12,539.78,121.75,72.99,164.36,141.37,401.00,232.96,47.04,78.00,98.00,81.00,13.00,10.00,5.00,2.00,82.03,45.18,103.29,53.64,5.32,4.57,30.41,17.95,14.00,23.49,135.00,116.24
1966,1.01,1.72,-12.93,-9.80,5.34,5.94,12.48,12.69,-3.57,-1.54,70.72,68.96,216.00,217.84,174.00,157.80,273.00,249.00,92.00,79.70,116.00,98.34,45.00,39.00,12.88,10.75,16.44,10.75,15.00,16.21,6203.25,5952.01,7.95,9.41,10.00,14.79,1.00,1.00,19.00,22.52,0.00,0.00,7.67,9.44,98.00,94.52,0.00,0.00,164.00,163.09,121.00,121.24,284.00,279.64,1797.68,1850.80,988.30,1036.19,305.36,374.94,658.55,538.65,107.92,72.48,123.53,141.27,336.27,232.96,100.40,77.62,74.00,80.80,11.00,10.00,5.00,2.00,85.49,45.21,85.49,53.71,5.59,4.56,38.36,17.93,19.00,23.57,116.00,116.12
1967,2.29,1.76,-9.47,-9.72,4.29,5.95,14.58,12.71,-0.88,-1.52,63.30,68.92,219.00,217.81,174.00,157.73,275.00,249.06,68.00,79.26,103.00,97.90,36.00,38.63,10.96,10.68,8.22,10.68,17.00,16.43,5747.68,5939.24,10.68,9.50,35.00,14.92,1.00,1.00,24.00,22.88,0.00,0.00,9.59,9.51,100.00,94.64,0.00,0.00,142.00,163.55,133.00,121.00,274.00,279.86,1877.75,1854.24,1171.62,1038.18,508.61,376.52,444.73,537.51,95.89,71.96,146.12,141.18,111.05,232.96,74.62,77.24,62.00,80.60,7.00,10.00,1.00,2.00,39.88,45.25,42.46,53.78,4.15,4.55,20.39,17.91,20.00,23.66,102.00,116.00
1968,1.39,1.79,-7.88,-9.63,5.26,5.97,11.57,12.72,-1.94,-1.50,70.20,68.89,225.00,217.77,172.00,157.66,261.00,249.13,71.00,78.83,89.00,97.47,41.00,38.26,9.59,10.62,13.42,10.62,21.00,16.64,6067.22,5926.48,8.77,9.59,6.00,15.06,0.00,1.00,35.00,23.25,0.00,0.00,7.40,9.59,88.00,94.75,0.00,0.00,145.00,164.02,135.00,120.76,279.00,280.07,1550.82,1857.68,843.99,1040.17,251.28,378.10,502.88,536.37,54.11,71.45,148.23,141.08,237.55,232.95,58.13,76.86,75.00,80.40,8.00,10.00,3.00,2.00,41.40,45.28,47.18,53.85,4.48,4.55,23.76,17.89,34.00,23.74,108.00,115.88
1969,1.47,1.83,-16.10,-9.54,7.33,5.98,11.69,12.74,-0.09,-1.49,73.43,68.85,218.00,217.74,164.00,157.60,229.00,249.19,81.00,78.39,106.00,97.03,35.00,37.89,10.96,10.55,14.52,10.55,14.00,16.86,6038.03,5913.71,9.32,9.68,14.00,15.19,1.00,1.00,16.00,23.62,0.00,0.00,5.48,9.67,64.00,94.87,0.69,0.00,185.00,164.48,99.00,120.52,283.00,280.29,1866.36,1861.11,988.18,1042.16,340.74,379.68,551.29,535.23,76.81,70.93,108.69,140.98,325.96,232.95,62.67,76.48,65.00,80.20,12.00,10.00,3.00,2.00,99.93,45.31,108.10,53.92,5.43,4.54,31.43,17.87,21.00,23.83,98.00,115.76
1970,1.71,1.86,-7.80,-9.45,6.26,6.00,13.06,12.75,-5.00,-1.47,71.02,68.81,229.00,217.71,163.00,157.53,252.00,249.25,78.00,77.96,95.00,96.59,45.00,37.53,10.68,10.48,8.49,10.48,7.00,17.07,5961.03,5900.94,11.51,9.77,31.00,15.32,2.00,1.00,16.00,23.98,0.00,0.00,7.95,9.74,88.00,94.98,0.22,0.00,158.00,164.95,121.00,120.28,278.00,280.50,1878.87,1864.55,1125.23,1044.14,476.38,381.26,402.38,534.10,45.39,70.42,139.03,140.88,149.65,232.95,68.31,76.11,62.00,80.00,7.00,10.00,1.00,2.00,45.38,45.35,46.78,53.99,4.03,4.53,17.00,17.85,30.00,23.91,97.00,115.65
1971,1.49,1.90,-9.20,-9.37,5.90,6.01,13.26,12.76,-3.65,-1.45,72.68,68.77,211.00,217.68,138.00,157.46,260.00,249.31,87.00,77.52,114.00,96.16,44.00,37.16,10.41,10.41,13.70,10.41,6.00,17.29,6055.07,5888.17,8.22,9.86,29.00,15.45,4.00,1.00,12.00,24.35,0.00,0.00,9.86,9.82,121.00,95.10,4.88,0.00,159.00,165.41,109.00,120.04,267.00,280.71,1873.69,1867.98,1088.31,1046.13,430.86,382.84,723.51,532.96,127.35,69.90,223.44,140.78,271.24,232.95,90.76,75.73,88.00,79.80,25.00,10.00,6.00,2.00,50.80,45.38,83.35,54.06,6.61,4.52,38.16,17.82,22.00,24.00,107.00,115.53
1972,0.38,1.93,-13.93,-9.28,5.84,6.03,11.83,12.78,-3.94,-1.44,72.00,68.73,231.00,217.65,153.00,157.39,247.00,249.38,102.00,77.09,118.00,95.72,54.00,36.79,17.26,10.34,16.99,10.34,16.00,17.50,6435.07,5875.40,6.58,9.95,10.00,15.58,0.00,1.00,14.00,24.72,0.00,0.00,9.32,9.90,93.00,95.22,0.00,0.00,133.00,165.88,128.00,119.79,260.00,280.93,1604.99,1871.42,947.02,1048.12,364.51,384.42,686.53,531.82,119.40,69.39,156.94,140.68,289.91,232.95,111.76,75.35,95.00,79.60,12.00,10.00,6.00,2.00,65.85,45.41,82.47,54.13,4.96,4.51,25.86,17.80,23.00,24.09,136.00,115.41
1973,1.74,1.97,-7.45,-9.19,6.10,6.04,12.51,12.79,-4.97,-1.42,61.38,68.69,231.00,217.61,161.00,157.32,230.00,249.44,80.00,76.65,96.00,95.28,39.00,36.42,12.05,10.27,9.86,10.27,12.00,17.71,5938.03,5862.64,5.48,10.05,21.00,15.72,0.00,1.00,0.00,25.08,0.00,0.00,5.48,9.97,68.00,95.33,0.00,0.00,152.00,166.35,122.00,119.55,273.00,281.14,1721.88,1874.85,970.32,1050.10,363.51,386.00,454.66,530.68,70.19,68.87,108.12,140.58,200.50,232.95,92.54,74.97,76.00,79.40,9.00,10.00,2.00,2.00,32.80,45.45,52.71,54.20,4.42,4.51,20.85,17.78,18.00,24.17,101.00,115.29
1974,1.98,2.00,-10.96,-9.10,5.31,6.06,11.87,12.80,0.45,-1.40,69.73,68.65,220.00,217.58,160.00,157.25,244.00,249.50,74.00,76.22,107.00,94.85,31.00,36.05,9.86,10.21,9.59,10.21,0.00,17.93,5852.18,5849.87,7.40,10.14,11.00,15.85,1.00,1.00,6.00,25.45,0.00,0.00,5.21,10.05,83.00,95.45,0.00,0.00,160.00,166.81,112.00,119.31,271.00,281.36,1661.89,1878.29,893.73,1052.09,300.20,387.58,552.03,529.54,143.14,68.36,144.83,140.48,223.93,232.94,42.68,74.59,100.00,79.20,8.00,10.00,3.00,2.00,35.58,45.48,42.19,54.27,4.46,4.50,13.52,17.76,21.00,24.26,122.00,115.18
1975,1.19,2.04,-9.91,-9.01,3.90,6.08,12.77,12.82,-2.87,-1.39,68.70,68.61,226.00,217.55,158.00,157.18,247.00,249.56,86.00,75.78,113.00,94.41,44.00,35.68,12.60,10.14,10.68,10.14,18.00,18.14,6158.06,5837.10,8.22,10.23,14.00,15.98,2.00,1.00,13.00,25.81,0.00,0.00,8.77,10.13,88.00,95.56,1.82,0.00,167.00,167.28,127.00,119.07,293.00,281.57,1809.59,1881.72,993.67,1054.08,339.39,389.16,464.22,528.41,52.43,67.85,132.58,140.38,179.05,232.94,90.95,74.21,75.00,79.00,5.00,10.00,1.00,2.00,33.20,45.51,40.07,54.34,3.62,4.49,8.23,17.74,17.00,24.34,124.00,115.06
1976,3.80,2.07,-6.70,-8.93,7.05,6.09,13.15,12.83,1.33,-1.37,65.56,68.57,208.00,217.52,154.00,157.11,275.00,249.63,52.00,75.35,72.00,93.97,17.00,35.32,5.75,10.07,6.03,10.07,33.00,18.36,5184.39,5824.33,15.34,10.32,7.00,16.11,0.00,1.00,41.00,26.18,0.00,0.00,15.89,10.20,120.00,95.68,0.00,0.00,193.00,167.74,95.00,118.83,287.00,281.79,2081.90,1885.16,1154.53,1056.07,392.31,390.74,526.13,527.27,73.64,67.33,103.80,140.29,285.82,232.94,70.84,73.83,76.00,78.80,13.00,10.00,2.00,2.00,43.01,45.55,45.06,54.41,5.04,4.48,16.77,17.72,32.00,24.43,102.00,114.94
1977,2.77,2.11,-3.42,-8.84,7.15,6.11,11.59,12.84,-4.00,-1.35,70.62,68.53,205.00,217.48,139.00,157.04,244.00,249.69,60.00,74.91,79.00,93.54,25.00,34.95,7.40,10.00,9.04,10.00,33.00,18.57,5559.28,5811.56,9.59,10.41,9.00,16.25,0.00,1.00,42.00,26.55,0.00,0.00,12.05,10.28,104.00,95.80,0.00,0.00,182.00,168.21,94.00,118.59,275.00,282.00,1853.78,1888.60,986.51,1058.05,308.09,392.31,718.78,526.13,24.42,66.82,262.36,140.19,356.12,232.94,72.37,73.46,90.00,78.60,19.00,10.00,5.00,2.00,81.63,45.58,82.17,54.48,5.62,4.47,35.29,17.70,25.00,24.51,126.00,114.82
1978,2.29,2.14,-10.69,-8.75,6.82,6.12,12.96,12.86,-0.12,-1.34,65.90,68.49,204.00,217.45,149.00,156.97,252.00,249.75,79.00,74.48,93.00,93.10,47.00,34.58,4.93,9.93,2.74,9.93,19.00,18.79,5739.82,5798.80,8.49,10.50,20.00,16.38,0.00,1.00,0.00,26.91,0.00,0.00,12.05,10.36,102.00,95.91,0.00,0.00,184.00,168.67,114.00,118.35,297.00,282.21,2032.13,1892.03,1129.34,1060.04,407.10,393.89,624.10,524.99,42.65,66.30,217.78,140.09,296.68,232.94,66.45,73.08,88.00,78.40,16.00,10.00,3.00,2.00,52.96,45.61,60.11,54.55,4.76,4.47,23.21,17.67,42.00,24.60,126.00,114.71
1979,1.90,2.18,-12.93,-8.66,4.38,6.14,14.15,12.87,0.08,-1.32,71.14,68.45,217.00,217.42,149.00,156.90,272.00,249.81,93.00,74.04,100.00,92.66,55.00,34.21,10.41,9.86,11.78,9.86,8.00,19.00,5890.80,5786.03,12.05,10.59,22.00,16.51,3.00,1.00,12.00,27.28,0.00,0.00,13.42,10.43,122.00,96.03,0.67,0.00,175.00,169.14,114.00,118.11,288.00,282.43,2042.93,1895.47,1198.24,1062.03,481.08,395.47,458.27,523.85,41.69,65.79,141.44,139.99,178.55,232.94,101.88,72.70,78.00,78.20,6.00,10.00,1.00,2.00,37.21,45.64,43.61,54.62,3.73,4.46,8.89,17.65,35.00,24.69,116.00,114.59
1980,2.44,2.21,-10.05,-8.58,8.40,6.15,11.83,12.89,-0.75,-1.31,67.98,68.41,193.00,217.39,158.00,156.83,237.00,249.88,65.00,73.61,94.00,92.23,43.00,33.84,7.40,9.79,10.96,9.79,0.00,19.21,5678.94,5773.26,13.70,10.68,14.00,16.64,0.00,1.00,46.00,27.65,0.00,0.00,11.51,10.51,78.00,96.14,0.00,0.00,193.00,169.60,101.00,117.86,293.00,282.64,2103.01,1898.90,1150.81,1064.01,378.72,397.05,724.35,522.72,62.16,65.27,247.00,139.89,333.18,232.93,70.10,72.32,91.00,78.00,16.00,10.00,3.00,2.00,98.22,45.68,121.00,54.69,5.14,4.45,28.69,17.63,31.00,24.77,137.00,114.47
1981,4.08,2.25,-3.33,-8.49,6.37,6.17,14.03,12.90,-0.54,-1.29,66.54,68.37,218.00,217.35,158.00,156.76,257.00,249.94,53.00,73.17,74.00,91.79,10.00,33.47,6.85,9.73,4.93,9.73,30.00,19.43,5095.55,5760.49,15.07,10.78,26.00,16.77,3.00,1.00,75.00,28.01,0.00,0.00,15.07,10.59,98.00,96.26,0.09,0.00,167.00,170.07,109.00,117.62,275.00,282.86,1928.39,1902.34,1109.93,1066.00,458.11,398.63,492.39,521.58,40.04,64.76,163.91,139.79,243.77,232.93,48.91,71.94,66.00,77.80,9.00,10.00,2.00,2.00,45.89,45.71,57.94,54.76,4.49,4.44,13.71,17.61,31.00,24.86,107.00,114.35
1982,0.52,2.28,-15.74,-8.40,5.05,6.18,12.93,12.91,-2.18,-1.27,69.53,68.33,219.00,217.32,158.00,156.69,257.00,250.00,103.00,72.74,133.00,91.35,59.00,33.11,11.51,9.66,13.97,9.66,0.00,19.64,6389.80,5747.72,6.58,10.87,15.00,16.91,0.00,1.00,7.00,28.38,0.00,0.00,7.67,10.66,98.00,96.38,0.00,0.00,171.00,170.53,129.00,117.38,299.00,283.07,1887.03,1905.77,1069.97,1067.99,408.06,400.21,735.89,520.44,145.39,64.24,114.13,139.69,393.04,232.93,91.00,71.56,106.00,77.60,12.00,10.00,3.00,2.00,80.33,45.74,91.98,54.83,5.11,4.43,29.38,17.59,28.00,24.94,141.00,114.24
1983,2.34,2.32,-6.02,-8.31,6.38,6.20,12.97,12.93,-3.32,-1.26,67.53,68.29,219.00,217.29,132.00,156.62,231.00,250.06,85.00,72.30,90.00,90.92,29.00,32.74,5.75,9.59,7.40,9.59,0.00,19.86,5723.94,5734.95,6.85,10.96,16.00,17.04,1.00,1.00,0.00,28.74,0.00,0.00,6.30,10.74,98.00,96.49,0.19,0.00,172.00,171.00,107.00,117.14,278.00,283.29,1912.65,1909.21,1092.47,1069.97,440.30,401.79,502.95,519.30,66.06,63.73,130.51,139.59,205.74,232.93,90.50,71.19,77.00,77.40,11.00,10.00,2.00,2.00,37.77,45.78,46.85,54.90,3.92,4.43,13.05,17.57,26.00,25.03,123.00,114.12
1984,2.29,2.35,-5.02,-8.23,6.04,6.21,12.98,12.94,-4.87,-1.24,72.02,68.25,223.00,217.26,171.00,156.55,245.00,250.13,71.00,71.87,92.00,90.48,32.00,32.37,13.70,9.52,12.05,9.52,27.00,20.07,5751.57,5722.19,11.23,11.05,26.00,17.17,2.00,1.00,26.00,29.11,0.00,0.00,9.86,10.82,73.00,96.61,0.00,0.00,128.00,171.47,137.00,116.90,264.00,283.50,1554.62,1912.65,917.77,1071.96,379.87,403.37,552.22,518.16,87.28,63.22,136.99,139.50,227.37,232.93,88.34,70.81,83.00,77.20,13.00,10.00,2.00,2.00,58.38,45.81,76.42,54.97,4.78,4.42,17.52,17.55,27.00,25.11,112.00,114.00
1985,2.06,2.39,-8.09,-8.14,6.21,6.23,11.75,12.95,-4.84,-1.22,70.94,68.21,234.00,217.23,175.00,156.49,238.00,250.19,65.00,71.43,76.00,90.04,35.00,32.00,18.63,9.45,12.60,9.45,34.00,20.29,5825.17,5709.42,12.60,11.14,20.00,17.30,0.00,1.00,37.00,29.48,0.00,0.00,9.04,10.89,62.00,96.72,0.70,0.00,175.00,171.93,120.00,116.66,294.00,283.71,1734.33,1916.08,928.88,1073.95,327.36,404.95,488.04,517.03,47.31,62.70,98.05,139.40,286.11,232.93,78.15,70.43,73.00,77.00,10.00,10.00,2.00,2.00,40.92,45.84,47.48,55.04,4.36,4.41,19.32,17.52,30.00,25.20,107.00,113.88
1986,3.52,2.42,-4.06,-8.05,6.66,6.25,12.05,12.97,-0.82,-1.21,68.33,68.17,213.00,217.19,143.00,156.42,249.00,250.25,54.00,71.00,81.00,89.61,18.00,31.63,9.86,9.38,9.59,9.38,44.00,20.50,5290.61,5696.65,14.52,11.23,16.00,17.43,2.00,1.00,67.00,29.84,0.00,0.00,13.15,10.97,105.00,96.84,0.00,0.00,119.00,172.40,136.00,116.42,254.00,283.93,1531.32,1919.52,938.91,1075.94,379.29,406.53,651.32,515.89,54.87,62.19,165.24,139.30,316.11,232.92,114.81,70.05,89.00,76.80,15.00,10.00,4.00,2.00,90.22,45.88,101.57,55.11,5.31,4.40,22.96,17.50,27.00,25.29,120.00,113.76
1987,4.92,2.46,-3.82,-7.96,8.21,6.26,13.13,12.98,1.87,-1.19,53.82,68.13,214.00,217.16,143.00,156.35,250.00,250.31,37.00,70.57,60.00,89.17,9.00,31.26,4.11,9.32,3.84,9.32,32.00,20.71,4782.16,5683.88,15.07,11.32,17.00,17.57,0.00,1.00,71.00,30.21,0.00,0.00,16.16,11.05,106.00,96.96,0.00,0.00,196.00,172.86,92.00,116.18,287.00,284.14,2198.86,1922.95,1256.40,1077.92,487.58,408.11,483.09,514.75,39.70,61.67,86.67,139.20,318.43,232.92,31.63,69.67,57.00,76.60,8.00,10.00,3.00,2.00,117.90,45.91,134.72,55.18,4.83,4.39,24.41,17.48,21.00,25.37,97.00,113.65
1988,4.06,2.49,-5.86,-7.88,8.11,6.28,13.51,12.99,0.99,-1.17,63.32,68.09,206.00,217.13,141.00,156.28,254.00,250.38,51.00,70.13,78.00,88.73,26.00,30.89,3.01,9.25,2.47,9.25,15.00,20.93,5098.40,5671.11,17.26,11.42,22.00,17.70,2.00,1.00,37.00,30.58,0.00,0.00,15.89,11.12,112.00,97.07,0.00,0.00,195.00,173.33,103.00,115.93,297.00,284.36,2224.04,1926.39,1278.98,1079.91,513.67,409.69,455.80,513.61,61.55,61.16,150.26,139.10,199.49,232.92,45.02,69.29,66.00,76.40,9.00,10.00,1.00,2.00,44.72,45.94,65.09,55.25,4.75,4.39,15.77,17.46,22.00,25.46,92.00,113.53
1989,2.52,2.53,-11.72,-7.79,6.86,6.29,12.61,13.01,-0.11,-1.16,73.98,68.05,217.00,217.10,176.00,156.21,253.00,250.44,66.00,69.70,97.00,88.30,39.00,30.53,11.23,9.18,7.95,9.18,17.00,21.14,5653.75,5658.35,10.68,11.51,13.00,17.83,0.00,1.00,31.00,30.94,0.00,0.00,10.41,11.20,76.00,97.19,0.00,0.00,162.00,173.79,123.00,115.69,284.00,284.57,1873.67,1929.82,1078.15,1081.90,412.43,411.27,691.74,512.48,82.93,60.64,132.77,139.00,425.51,232.92,55.13,68.91,92.00,76.20,20.00,10.00,6.00,2.00,62.63,45.97,79.39,55.32,5.17,4.38,31.31,17.44,14.00,25.54,130.00,113.41
1990,2.45,2.56,-5.18,-7.70,5.99,6.31,13.88,13.02,-3.41,-1.14,72.26,68.01,225.00,217.06,142.00,156.14,237.00,250.50,67.00,69.26,89.00,87.86,37.00,30.16,10.96,9.11,9.86,9.11,7.00,21.36,5687.03,5645.58,12.05,11.60,23.00,17.96,1.00,1.00,30.00,31.31,0.00,0.00,9.04,11.28,94.00,97.30,0.00,0.00,170.00,174.26,107.00,115.45,276.00,284.79,1948.41,1933.26,1132.07,1083.88,461.32,412.84,649.11,511.34,77.72,60.13,219.93,138.90,240.99,232.92,101.59,68.54,79.00,76.00,18.00,10.00,4.00,2.00,54.37,46.01,83.29,55.39,4.99,4.37,30.83,17.42,22.00,25.63,125.00,113.29
1991,3.48,2.60,-7.30,-7.61,6.52,6.32,13.39,13.04,-1.13,-1.12,68.06,67.97,217.00,217.03,156.00,156.07,245.00,250.56,58.00,68.83,75.00,87.42,23.00,29.79,11.51,9.04,7.12,9.04,38.00,21.57,5310.37,5632.81,11.78,11.69,18.00,18.09,0.00,1.00,40.00,31.67,0.00,0.00,12.60,11.35,88.00,97.42,0.00,0.00,186.00,174.72,109.00,115.21,294.00,285.00,2045.52,1936.69,1152.26,1085.87,417.13,414.42,555.17,510.20,51.67,59.61,195.13,138.80,206.20,232.92,113.68,68.16,78.00,75.80,15.00,10.00,1.00,2.00,39.54,46.04,43.51,55.46,5.02,4.36,23.44,17.40,31.00,25.71,106.00,113.18
1992,3.50,2.64,-2.48,-7.53,7.20,6.34,12.05,13.05,-1.17,-1.11,67.13,67.94,223.00,217.00,144.00,156.00,234.00,250.63,57.00,68.39,79.00,86.99,16.00,29.42,12.60,8.97,7.95,8.97,46.00,21.79,5298.82,5620.04,17.81,11.78,18.00,18.23,1.00,1.00,35.00,32.04,0.00,0.00,15.34,11.43,89.00,97.54,0.21,0.00,217.00,175.19,69.00,114.97,285.00,285.21,2041.65,1940.13,1106.11,1087.86,416.51,416.00,401.41,509.06,35.63,59.10,136.05,138.70,152.91,232.91,58.31,67.78,74.00,75.60,5.00,10.00,0.00,2.00,32.93,46.07,37.01,55.53,3.66,4.35,3.81,17.37,20.00,25.80,104.00,113.06
1993,3.03,2.67,-10.02,-7.44,7.71,6.35,11.63,13.06,0.05,-1.09,64.48,67.90,213.00,216.97,148.00,155.93,256.00,250.69,59.00,67.96,83.00,86.55,30.00,29.05,6.58,8.90,5.21,8.90,10.00,22.00,5464.93,5607.27,9.86,11.87,7.00,18.36,1.00,1.00,31.00,32.41,0.00,0.00,7.95,11.51,107.00,97.65,0.00,0.00,170.00,175.65,118.00,114.73,287.00,285.43,1851.88,1943.57,1012.51,1089.85,313.40,417.58,506.93,507.92,71.08,58.59,114.58,138.61,272.76,232.91,56.38,67.40,86.00,75.40,9.00,10.00,1.00,2.00,37.19,46.11,52.16,55.60,4.24,4.35,8.04,17.35,32.00,25.89,116.00,112.94
1994,2.54,2.71,-9.31,-7.35,7.14,6.37,14.10,13.08,-2.16,-1.08,68.91,67.86,215.00,216.94,168.00,155.86,255.00,250.75,77.00,67.52,90.00,86.11,44.00,28.68,8.77,8.84,8.77,8.84,9.00,22.21,5652.89,5594.51,12.60,11.96,30.00,18.49,0.00,1.00,36.00,32.77,0.00,0.00,9.04,11.58,86.00,97.77,0.00,0.00,180.00,176.12,105.00,114.49,284.00,285.64,2062.29,1947.00,1190.71,1091.83,471.61,419.16,528.84,506.79,95.77,58.07,135.61,138.51,206.53,232.91,95.90,67.02,79.00,75.20,10.00,10.00,1.00,2.00,38.98,46.14,47.73,55.67,4.55,4.34,7.53,17.33,23.00,25.97,112.00,112.82
1995,1.98,2.74,-7.51,-7.26,6.85,6.38,12.25,13.09,-4.29,-1.06,63.41,67.82,226.00,216.90,160.00,155.79,259.00,250.81,81.00,67.09,98.00,85.68,40.00,28.32,9.04,8.77,10.68,8.77,14.00,22.43,5847.69,5581.74,8.77,12.05,7.00,18.62,0.00,1.00,33.00,33.14,0.00,0.00,6.58,11.66,98.00,97.88,0.00,0.00,169.00,176.59,126.00,114.25,294.00,285.86,1845.88,1950.44,1027.41,1093.82,352.04,420.74,582.47,505.65,31.23,57.56,184.67,138.41,290.82,232.91,81.42,66.64,80.00,75.00,12.00,10.00,5.00,2.00,78.68,46.17,97.36,55.74,4.52,4.33,25.14,17.31,36.00,26.06,124.00,112.71
1996,0.10,2.78,-9.99,-7.18,4.37,6.40,12.94,13.10,-5.24,-1.04,71.97,67.78,222.00,216.87,163.00,155.72,253.00,250.88,99.00,66.65,115.00,85.24,68.00,27.95,16.71,8.70,19.73,8.70,16.00,22.64,6536.13,5568.97,9.04,12.15,20.00,18.75,0.00,1.00,33.00,33.51,0.00,0.00,6.30,11.74,89.00,98.00,0.00,0.00,184.00,177.05,104.00,114.00,287.00,286.07,1854.02,1953.87,998.44,1095.81,366.37,422.32,495.01,504.51,72.13,57.04,193.74,138.31,131.61,232.91,86.31,66.26,77.00,74.80,6.00,10.00,2.00,2.00,58.64,46.21,73.17,55.81,3.98,4.32,13.56,17.29,19.00,26.14,120.00,112.59
1997,2.84,2.81,-11.24,-7.09,6.17,6.41,12.47,13.12,0.19,-1.03,77.07,67.74,215.00,216.84,180.00,155.65,261.00,250.94,58.00,66.22,90.00,84.80,20.00,27.58,7.12,8.63,9.86,8.63,21.00,22.86,5543.43,5556.20,9.59,12.24,13.00,18.89,2.00,1.00,41.00,33.87,0.00,0.00,12.05,11.81,80.00,98.12,0.99,0.00,156.00,177.52,122.00,113.76,277.00,286.29,1808.15,1957.31,1046.94,1097.79,398.33,423.90,526.22,503.37,77.47,56.53,111.06,138.21,295.31,232.91,46.55,65.89,74.00,74.60,11.00,10.00,3.00,2.00,71.73,46.24,82.88,55.88,4.69,4.31,25.02,17.27,32.00,26.23,108.00,112.47
1998,3.26,2.85,-7.70,-7.00,7.95,6.43,14.69,13.13,-0.87,-1.01,69.50,67.70,204.00,216.81,156.00,155.58,259.00,251.00,74.00,65.78,90.00,84.37,30.00,27.21,3.01,8.56,5.48,8.56,16.00,23.07,5399.37,5543.43,10.96,12.33,30.00,19.02,4.00,1.00,44.00,34.24,0.00,0.00,12.88,11.89,102.00,98.23,0.66,0.00,195.00,177.98,107.00,113.52,301.00,286.50,2287.98,1960.74,1346.07,1099.78,557.60,425.48,570.07,502.23,69.90,56.01,143.18,138.11,251.16,232.90,93.47,65.51,82.00,74.40,13.00,10.00,4.00,2.00,60.11,46.27,73.81,55.95,4.98,4.31,28.03,17.25,41.00,26.31,112.00,112.35
1999,3.28,2.88,-7.92,-6.91,6.23,6.45,12.42,13.14,-0.13,-0.99,59.03,67.66,222.00,216.77,162.00,155.51,198.00,251.06,51.00,65.35,78.00,83.93,9.00,26.84,7.40,8.49,7.12,8.49,19.00,23.29,5372.17,5530.67,9.04,12.42,18.00,19.15,0.00,1.00,24.00,34.60,0.00,0.00,9.32,11.97,46.00,98.35,0.00,0.00,134.00,178.45,137.00,113.28,270.00,286.71,1564.42,1964.18,896.07,1101.77,333.01,427.06,508.61,501.10,94.10,55.50,117.61,138.01,271.96,232.90,44.35,65.13,72.00,74.20,13.00,10.00,3.00,2.00,81.93,46.30,87.95,56.02,4.29,4.30,23.04,17.22,22.00,26.40,117.00,112.24
2000,2.33,2.92,-6.74,-6.83,5.68,6.46,12.41,13.16,-1.64,-0.98,61.86,67.62,219.00,216.74,153.00,155.45,254.00,251.13,70.00,64.91,96.00,83.49,27.00,26.47,7.95,8.42,9.32,8.42,13.00,23.50,5721.42,5517.90,4.93,12.51,12.00,19.28,0.00,1.00,16.00,34.97,0.00,0.00,8.22,12.04,100.00,98.46,0.00,0.00,167.00,178.91,108.00,113.04,274.00,286.93,1755.88,1967.61,947.02,1103.76,341.24,428.64,518.74,499.96,44.86,54.99,205.43,137.91,217.19,232.90,49.85,64.75,80.00,74.00,13.00,10.00,0.00,2.00,42.58,46.34,51.87,56.09,4.24,4.29,6.72,17.20,20.00,26.49,116.00,112.12
2001,3.41,2.95,-4.87,-6.74,5.81,6.48,13.44,13.17,-0.88,-0.96,61.70,67.58,219.00,216.71,141.00,155.38,263.00,251.19,59.00,64.48,77.00,83.06,20.00,26.11,3.56,8.36,6.03,8.36,44.00,23.71,5333.19,5505.13,13.15,12.60,26.00,19.42,2.00,1.00,40.00,35.34,0.00,0.00,10.96,12.12,121.00,98.58,0.00,0.00,170.00,179.38,113.00,112.80,282.00,287.14,1972.98,1971.05,1128.37,1105.74,438.40,430.22,434.26,498.82,31.92,54.47,116.74,137.81,229.76,232.90,57.25,64.37,66.00,73.80,6.00,10.00,2.00,2.00,51.10,46.37,64.48,56.16,4.26,4.28,19.28,17.18,34.00,26.57,99.00,112.00
2002,3.13,2.99,-8.55,-6.65,4.14,6.49,13.37,13.19,1.80,-0.94,67.50,67.54,211.00,216.68,159.00,155.31,250.00,251.25,63.00,64.04,67.00,82.62,25.00,25.74,16.71,8.29,12.88,8.29,60.00,23.93,5452.29,5492.36,14.52,12.69,32.00,19.55,5.00,1.00,61.00,35.70,0.00,0.00,20.00,12.20,90.00,98.70,1.68,0.00,167.00,179.84,131.00,112.56,297.00,287.36,1833.36,1974.49,1042.63,1107.73,444.58,431.79,421.10,497.68,68.04,53.96,121.72,137.72,157.19,232.90,70.15,63.99,73.00,73.60,6.00,10.00,1.00,2.00,24.48,46.40,24.88,56.23,3.63,4.27,9.66,17.16,36.00,26.66,110.00,111.88
2003,3.14,3.02,-6.79,-6.56,6.25,6.51,13.78,13.20,-0.58,-0.93,68.79,67.50,214.00,216.65,141.00,155.24,259.00,251.31,69.00,63.61,83.00,82.18,27.00,25.37,7.95,8.22,12.05,8.22,27.00,24.14,5441.33,5479.59,13.97,12.79,36.00,19.68,6.00,1.00,37.00,36.07,0.00,0.00,12.88,12.27,117.00,98.81,0.54,0.00,193.00,180.31,109.00,112.32,301.00,287.57,2106.76,1977.92,1229.30,1109.72,514.05,433.37,441.37,496.54,81.27,53.44,169.75,137.62,117.26,232.90,74.18,63.62,76.00,73.40,4.00,10.00,1.00,2.00,43.65,46.44,54.16,56.30,3.79,4.27,12.71,17.14,22.00,26.74,112.00,111.76
2004,3.67,3.06,-6.24,-6.48,6.64,6.52,13.05,13.21,0.87,-0.91,70.70,67.46,206.00,216.61,153.00,155.17,249.00,251.38,49.00,63.17,56.00,81.75,25.00,25.00,8.77,8.15,12.33,8.15,33.00,24.36,5245.68,5466.83,15.62,12.88,19.00,19.81,4.00,1.00,17.00,36.44,0.00,0.00,17.81,12.35,95.00,98.93,0.00,0.00,196.00,180.77,93.00,112.08,288.00,287.79,2022.28,1981.36,1115.67,1111.70,423.75,434.95,563.19,495.41,42.66,52.93,141.47,137.52,287.22,232.90,79.54,63.24,85.00,73.20,14.00,10.00,1.00,2.00,42.87,46.47,58.09,56.37,4.35,4.26,12.96,17.12,26.00,26.83,126.00,111.65
2005,3.81,3.09,-5.40,-6.39,7.00,6.54,12.03,13.23,0.02,-0.89,65.33,67.42,202.00,216.58,131.00,155.10,249.00,251.44,57.00,62.74,58.00,81.31,21.00,24.63,7.67,8.08,6.30,8.08,55.00,24.57,5180.16,5454.06,16.71,12.97,13.00,19.94,0.00,1.00,57.00,36.80,0.00,0.00,14.79,12.43,117.00,99.04,0.00,0.00,195.00,181.24,106.00,111.83,300.00,288.00,1939.63,1984.79,1015.21,1113.69,310.84,436.53,581.51,494.27,88.22,52.41,155.55,137.42,290.47,232.89,62.48,62.86,79.00,73.00,17.00,10.00,1.00,2.00,46.41,46.50,56.42,56.44,5.04,4.25,17.99,17.10,27.00,26.91,113.00,111.53
2006,3.84,3.13,-4.60,-6.30,8.13,6.55,14.14,13.24,-2.34,-0.88,66.35,67.38,217.00,216.55,148.00,155.03,258.00,251.50,75.00,62.30,72.00,80.87,10.00,24.26,6.58,8.01,7.40,8.01,42.00,24.79,5203.01,5441.29,15.34,13.06,41.00,20.08,6.00,1.00,60.00,37.17,0.00,0.00,14.79,12.50,109.00,99.16,4.11,0.00,164.00,181.71,94.00,111.59,257.00,288.21,2028.55,1988.23,1230.10,1115.68,559.86,438.11,393.50,493.13,25.72,51.90,114.98,137.32,174.09,232.89,77.12,62.48,64.00,72.80,6.00,10.00,2.00,2.00,43.22,46.54,51.08,56.51,4.11,4.24,11.88,17.07,41.00,27.00,93.00,111.41
2007,3.29,3.16,-5.88,-6.21,6.58,6.57,13.53,13.25,-1.39,-0.86,64.84,67.34,211.00,216.52,145.00,154.96,252.00,251.56,70.00,61.87,80.00,80.44,17.00,23.89,3.56,7.95,6.03,7.95,13.00,25.00,5405.78,5428.52,9.86,13.15,26.00,20.21,5.00,1.00,24.00,37.53,0.00,0.00,15.62,12.58,106.00,99.28,2.15,0.00,190.00,182.17,113.00,111.35,302.00,288.43,2026.13,1991.66,1129.13,1117.67,453.53,439.69,425.25,491.99,50.87,51.38,145.20,137.22,179.02,232.89,50.09,62.10,75.00,72.60,4.00,10.00,1.00,2.00,24.40,46.57,29.36,56.58,3.72,4.23,9.19,17.05,24.00,27.09,111.00,111.29
2008,2.97,3.20,-6.67,-6.12,5.10,6.58,13.99,13.27,-0.37,-0.84,72.86,67.30,214.00,216.48,147.00,154.89,243.00,251.63,61.00,61.43,82.00,80.00,31.00,23.53,10.14,7.88,8.22,7.88,6.00,25.21,5520.34,5415.75,13.70,13.24,30.00,20.34,5.00,1.00,39.00,37.90,0.00,0.00,16.16,12.66,95.00,99.39,2.53,0.00,187.00,182.64,121.00,111.11,307.00,288.64,2047.66,1995.10,1175.47,1119.65,480.86,441.27,455.14,490.85,48.44,50.87,180.66,137.12,179.11,232.89,43.80,61.72,78.00,72.40,8.00,10.00,1.00,2.00,49.49,46.60,54.33,56.65,3.70,4.22,13.14,17.03,21.00,27.17,118.00,111.18
2009,2.45,3.23,-8.52,-6.04,5.48,6.60,14.18,13.28,-2.37,-0.83,67.04,67.26,232.00,216.45,161.00,154.82,270.00,251.69,78.00,61.00,82.00,79.56,30.00,23.16,14.79,7.81,11.51,7.81,30.00,25.43,5696.58,5402.98,11.51,13.33,30.00,20.47,2.00,1.00,21.00,38.27,0.00,0.00,12.05,12.73,108.00,99.51,0.92,0.00,152.00,183.10,121.00,110.87,272.00,288.86,1870.32,1998.53,1127.47,1121.64,482.65,442.85,487.88,489.72,46.31,50.36,94.09,137.02,250.31,232.89,94.13,61.34,69.00,72.20,10.00,10.00,2.00,2.00,95.18,46.63,100.10,56.72,4.48,4.22,29.75,17.01,16.00,27.26,105.00,111.06
2010,3.21,3.27,-5.13,-5.95,6.22,6.62,12.35,13.29,-1.39,-0.81,62.64,67.22,217.00,216.42,155.00,154.75,248.00,251.75,69.00,60.57,84.00,79.13,19.00,22.79,7.67,7.74,7.67,7.74,27.00,25.64,5401.88,5390.22,11.51,13.42,16.00,20.60,0.00,1.00,39.00,38.63,0.00,0.00,12.60,12.81,92.00,99.62,0.00,0.00,192.00,183.57,104.00,110.63,295.00,289.07,1979.24,2001.97,1081.57,1123.63,413.68,444.43,415.13,488.58,28.59,49.84,100.93,136.92,239.33,232.89,52.19,60.97,62.00,72.00,6.00,10.00,1.00,2.00,40.26,46.67,45.49,56.79,3.90,4.21,10.44,16.99,32.00,27.34,104.00,110.94
2011,,3.30,,-5.86,,6.63,,13.31,,-0.80,,67.18,,216.39,,154.68,,251.81,,60.13,,78.69,,22.42,,7.67,,7.67,,25.86,,5377.45,,13.52,,20.74,,1.00,,39.00,,0.00,,12.89,,99.74,,0.00,,184.03,,110.39,,289.29,,2005.41,,1125.61,,446.01,,487.44,,49.33,,136.83,,232.88,,60.59,,71.80,,10.00,,2.00,,46.70,,56.86,,4.20,,16.97,,27.43,,110.82
