Station:,"55.8815,-117.437",,,,Station ID:,150,,Begin Yr:,1949,,,,,,,,,,,,,,,,,,,,,,,,,,,,,,,,,,,,,,,,,,,,,,,,,,,,,,,,,,,,,,,,,,,,,,,,,,,,,,,
Lat:,55.88150024,Lon:,-117.4369965,,Country:,Canada,,End Yr:,2011,,,,,,,,,,,,,,,,,,,,,,,,,,,,,,,,,,,,,,,,,,,,,,,,,,,,,,,,,,,,,,,,,,,,,,,,,,,,,,,
Trend (/yr):,,,,,,,,,,,,,,,,,,,,,,,,,,,,,,,,,,,,,,,,,,,,,,,,,,,,,,,,,,,,,,,,,,,,,,,,,,,,,,,,,,,,,,,,
Significance:,,,,,,,,,,,,,,,,,,,,,,,,,,,,,,,,,,,,,,,,,,,,,,,,,,,,,,,,,,,,,,,,,,,,,,,,,,,,,,,,,,,,,,,,
Year,01TMEAN,01TMEAN Trendline,02TWinter,02TWinter Trendline,03TSpring,03TSpring Trendline,04TSummer,04TSummer Trendline,05TFall,05TFall Trendline,06TRange,06TRange Trendline,21FrostDays,21FrostDays Trendline,22FrostLast,22FrostLast Trendline,23FrostFirst,23FrostFirst Trendline,24IceDays,24IceDays Trendline,25Tmin10,25Tmin10 Trendline,26Tmin20,26Tmin20 Trendline,27ColdNights,27ColdNights Trendline,28ColdDays,28ColdDays Trendline,29ColdSpell,29ColdSpell Trendline,30HeatingDD,30HeatingDD Trendline,40Tmax90,40Tmax90 Trendline,41SummerDays,41SummerDays Trendline,42Tmax30,42Tmax30 Trendline,43HWDI,43HWDI Trendline,44TropNight,44TropNight Trendline,45Tmin90,45Tmin90 Trendline,46FrostFree,46FrostFree Trendline,47CoolingDD,47CoolingDD Trendline,61GSL,61GSL Trendline,62GSLBegin,62GSLBegin Trendline,63GSLEnd,63GSLEnd Trendline,64GDD0,64GDD0 Trendline,65GDD5,65GDD5 Trendline,66GDD10,66GDD10 Trendline,81PAnnual,81PAnnual Trendline,82PWinter,82PWinter Trendline,83PSpring,83PSpring Trendline,84PSummer,84PSummer Trendline,85PFall,85PFall Trendline,86Pge2,86Pge2 Trendline,87Pge10,87Pge10 Trendline,88Pge20,88Pge20 Trendline,89P3days,89P3days Trendline,90P5days,90P5days Trendline,91SDPI,91SDPI Trendline,92Pge95,92Pge95 Trendline,93DryPeriod,93DryPeriod Trendline,94PDays1,94PDays1 Trendline
1949,,,,,,,,,,,,,,,,,,,,,,,,,,,,,,,,,,,,,,,,,,,,,,,,,,,,,,,,,,,,,,,,,,,,,,,,,,,,,,,,,,,,,,,,
1950,-0.91,0.57,-19.90,-15.10,7.23,6.89,14.49,13.96,-7.37,-3.36,79.68,73.33,208.00,199.70,124.00,131.10,228.00,258.37,135.00,113.02,136.00,120.26,73.00,62.09,15.07,11.94,16.99,12.60,0.00,14.81,6955.11,6383.72,9.04,8.32,34.00,17.77,11.00,1.00,12.00,16.64,0.00,0.00,6.03,7.85,103.00,120.58,12.19,1.58,154.00,157.45,117.00,117.52,270.00,276.43,2082.06,2053.62,1313.43,1245.69,615.48,523.87,365.46,406.66,43.81,80.92,53.71,79.90,160.63,159.59,98.03,74.00,77.00,65.22,3.00,7.00,0.00,1.00,21.87,42.33,32.88,53.56,3.96,4.46,7.84,19.96,33.00,30.82,92.00,90.58
1951,-0.89,0.61,-17.48,-15.02,6.54,6.91,13.92,13.97,-6.62,-3.34,66.69,73.30,205.00,199.67,150.00,131.19,265.00,258.40,141.00,112.74,141.00,119.95,71.00,61.73,19.45,11.88,19.73,12.51,8.00,15.09,6898.32,6372.66,4.38,8.38,18.00,17.92,0.00,1.00,15.00,17.05,0.00,0.00,6.58,7.95,114.00,120.53,0.00,1.59,151.00,157.88,115.00,117.32,265.00,276.64,1903.45,2057.53,1156.94,1248.01,494.27,525.73,438.34,406.47,88.41,80.44,89.48,80.33,158.43,159.51,106.05,73.77,76.00,65.07,9.00,7.00,1.00,1.00,41.28,42.31,50.11,53.50,4.52,4.44,23.49,19.92,17.00,30.73,97.00,90.70
1952,1.78,0.64,-16.22,-14.95,7.34,6.92,13.25,13.99,0.47,-3.32,70.03,73.27,193.00,199.65,147.00,131.29,242.00,258.43,104.00,112.47,109.00,119.63,39.00,61.36,10.68,11.82,6.58,12.42,6.00,15.38,5926.55,6361.60,9.32,8.45,11.00,18.08,0.00,1.00,42.00,17.46,0.00,0.00,6.58,8.04,94.00,120.49,0.00,1.60,202.00,158.31,103.00,117.12,304.00,276.86,2250.71,2061.44,1273.50,1250.34,469.93,527.60,322.14,406.29,83.10,79.95,39.49,80.75,182.61,159.43,22.19,73.55,52.00,64.93,6.00,7.00,1.00,1.00,35.33,42.29,41.55,53.44,4.44,4.43,16.03,19.88,43.00,30.64,72.00,90.82
1953,1.98,0.67,-12.70,-14.88,6.46,6.94,13.82,14.00,-0.52,-3.31,73.99,73.24,193.00,199.63,121.00,131.38,269.00,258.46,99.00,112.19,101.00,119.32,31.00,61.00,6.30,11.77,10.96,12.33,30.00,15.66,5873.61,6350.54,5.75,8.51,16.00,18.23,0.00,1.00,40.00,17.87,0.00,0.00,9.32,8.13,147.00,120.45,0.01,1.60,180.00,158.74,122.00,116.92,301.00,277.07,2140.34,2065.34,1264.20,1252.66,493.00,529.46,468.84,406.11,116.13,79.46,143.92,81.18,123.45,159.35,48.08,73.32,75.00,64.78,8.00,7.00,2.00,1.00,37.82,42.27,46.72,53.38,4.51,4.42,18.79,19.84,29.00,30.55,103.00,90.94
1954,0.73,0.70,-14.58,-14.80,2.85,6.96,13.87,14.01,1.13,-3.29,74.64,73.21,198.00,199.61,135.00,131.48,259.00,258.49,108.00,111.92,107.00,119.00,54.00,60.64,12.33,11.71,15.62,12.24,41.00,15.94,6307.61,6339.49,10.96,8.58,7.00,18.38,0.00,1.00,41.00,18.28,0.00,0.00,13.15,8.22,123.00,120.40,0.00,1.61,148.00,159.17,123.00,116.72,270.00,277.29,1883.05,2069.25,1145.95,1254.99,485.64,531.32,385.31,405.93,99.05,78.97,122.03,81.61,156.14,159.27,30.52,73.10,67.00,64.64,6.00,7.00,1.00,1.00,33.92,42.25,46.49,53.31,4.68,4.41,13.51,19.79,33.00,30.45,81.00,91.06
1955,-0.52,0.73,-14.07,-14.73,5.81,6.98,14.34,14.02,-8.58,-3.28,69.79,73.19,211.00,199.59,135.00,131.57,252.00,258.51,133.00,111.65,134.00,118.68,77.00,60.27,15.89,11.65,19.73,12.15,14.00,16.22,6812.31,6328.43,8.77,8.65,23.00,18.54,2.00,1.00,0.00,18.69,0.00,0.00,10.14,8.31,116.00,120.36,4.25,1.62,149.00,159.61,122.00,116.53,270.00,277.50,1927.97,2073.16,1195.25,1257.31,540.90,533.19,404.48,405.75,73.27,78.49,89.66,82.04,151.53,159.19,91.66,72.88,70.00,64.49,7.00,7.00,0.00,1.00,40.49,42.22,50.50,53.25,4.54,4.39,13.58,19.75,37.00,30.36,88.00,91.18
1956,1.07,0.76,-17.17,-14.65,7.70,7.00,14.11,14.03,-3.87,-3.26,73.67,73.16,198.00,199.57,123.00,131.67,267.00,258.54,98.00,111.37,101.00,118.37,64.00,59.91,12.33,11.59,13.70,12.05,34.00,16.50,6207.33,6317.37,10.68,8.71,18.00,18.69,1.00,1.00,36.00,19.10,0.00,0.00,15.89,8.40,143.00,120.32,0.67,1.63,145.00,160.04,123.00,116.33,267.00,277.71,2001.75,2077.07,1282.65,1259.63,607.06,535.05,408.86,405.57,94.01,78.00,125.14,82.46,139.88,159.11,57.95,72.65,61.00,64.35,7.00,7.00,3.00,1.00,64.42,42.20,64.42,53.19,5.40,4.38,38.18,19.71,28.00,30.27,75.00,91.30
1957,1.29,0.79,-12.46,-14.58,7.04,7.02,13.43,14.05,-1.69,-3.24,63.84,73.13,201.00,199.54,132.00,131.76,260.00,258.57,117.00,111.10,118.00,118.05,46.00,59.55,9.86,11.54,12.33,11.96,7.00,16.78,6100.97,6306.31,4.93,8.78,4.00,18.85,0.00,1.00,12.00,19.51,0.00,0.00,7.40,8.49,127.00,120.28,0.00,1.63,159.00,160.47,117.00,116.13,275.00,277.93,2011.01,2080.98,1231.49,1261.96,515.24,536.91,560.33,405.39,55.33,77.51,58.11,82.89,292.08,159.03,146.53,72.43,84.00,64.21,11.00,7.00,2.00,1.00,71.56,42.18,71.56,53.13,5.16,4.37,25.95,19.67,27.00,30.18,108.00,91.42
1958,2.31,0.83,-12.45,-14.50,7.79,7.04,15.60,14.06,-3.60,-3.23,64.93,73.10,194.00,199.52,138.00,131.86,265.00,258.60,110.00,110.82,118.00,117.74,32.00,59.18,5.75,11.48,3.84,11.87,38.00,17.06,5769.39,6295.26,9.32,8.84,34.00,19.00,0.00,1.00,15.00,19.91,0.00,0.00,13.70,8.58,126.00,120.23,3.34,1.64,159.00,160.90,123.00,115.93,281.00,278.14,2194.63,2084.89,1410.93,1264.28,697.59,538.78,248.55,405.21,83.51,77.02,48.39,83.32,56.02,158.94,71.23,72.20,55.00,64.06,0.00,7.00,0.00,1.00,20.15,42.16,21.32,53.07,2.96,4.36,0.00,19.63,29.00,30.09,81.00,91.54
1959,1.25,0.86,-14.00,-14.43,6.49,7.06,13.54,14.07,-1.92,-3.21,73.83,73.07,210.00,199.50,147.00,131.95,241.00,258.63,94.00,110.55,93.00,117.42,49.00,58.82,16.44,11.42,13.15,11.78,47.00,17.34,6142.79,6284.20,8.49,8.91,17.00,19.15,3.00,1.00,51.00,20.32,0.00,0.00,10.41,8.68,93.00,120.19,2.05,1.65,146.00,161.33,132.00,115.73,277.00,278.36,1828.07,2088.80,1109.50,1266.61,450.40,540.64,339.38,405.03,41.46,76.53,85.21,83.75,136.19,158.86,77.20,71.98,69.00,63.92,1.00,7.00,0.00,1.00,21.98,42.13,31.29,53.01,3.29,4.35,0.00,19.59,28.00,30.00,97.00,91.66
1960,2.03,0.89,-12.34,-14.36,6.61,7.08,15.05,14.08,-2.33,-3.20,63.95,73.04,198.00,199.48,126.00,132.05,267.00,258.66,110.00,110.27,115.00,117.11,45.00,58.45,5.21,11.36,5.21,11.69,9.00,17.63,5869.03,6273.14,8.77,8.98,27.00,19.31,4.00,1.00,0.00,20.73,0.00,0.00,7.95,8.77,140.00,120.15,2.80,1.66,174.00,161.76,117.00,115.54,290.00,278.57,2152.74,2092.71,1297.12,1268.93,558.53,542.50,391.11,404.85,56.23,76.05,159.24,84.18,103.94,158.78,68.09,71.76,48.00,63.77,7.00,7.00,4.00,1.00,54.89,42.11,59.39,52.95,3.99,4.33,31.53,19.55,20.00,29.91,94.00,91.78
1961,1.55,0.92,-9.98,-14.28,8.18,7.10,15.04,14.09,-6.22,-3.18,71.66,73.02,211.00,199.46,132.00,132.14,264.00,258.69,105.00,110.00,117.00,116.79,51.00,58.09,13.15,11.30,10.41,11.60,28.00,17.91,6087.34,6262.08,15.62,9.04,48.00,19.46,13.00,1.00,23.00,21.14,0.00,0.00,15.62,8.86,131.00,120.11,7.82,1.66,147.00,162.19,133.00,115.34,279.00,278.79,2151.99,2096.62,1440.83,1271.25,786.30,544.37,394.60,404.67,72.56,75.56,85.89,84.60,150.91,158.70,86.05,71.53,68.00,63.63,5.00,7.00,1.00,1.00,44.00,42.09,73.68,52.89,3.89,4.32,18.09,19.50,19.00,29.82,95.00,91.89
1962,1.45,0.95,-15.58,-14.21,6.75,7.11,14.07,14.10,-0.33,-3.17,68.64,72.99,194.00,199.43,128.00,132.24,245.00,258.71,102.00,109.73,111.00,116.47,52.00,57.73,8.77,11.25,7.95,11.51,23.00,18.19,6059.85,6251.03,9.32,9.11,16.00,19.62,0.00,1.00,21.00,21.55,0.00,0.00,8.77,8.95,116.00,120.06,0.27,1.67,180.00,162.63,103.00,115.14,282.00,279.00,2152.88,2100.53,1270.39,1273.58,539.08,546.23,443.41,404.49,79.22,75.07,98.31,85.03,151.20,158.62,88.78,71.31,72.00,63.48,5.00,7.00,0.00,1.00,25.65,42.07,33.62,52.82,3.92,4.31,13.75,19.46,25.00,29.73,107.00,92.01
1963,1.83,0.98,-12.96,-14.13,6.16,7.13,15.34,14.12,-3.10,-3.15,72.03,72.96,195.00,199.41,130.00,132.33,267.00,258.74,102.00,109.45,110.00,116.16,57.00,57.36,6.85,11.19,7.95,11.42,27.00,18.47,5931.63,6239.97,10.68,9.17,34.00,19.77,1.00,1.00,25.00,21.96,0.00,0.00,12.60,9.04,136.00,120.02,1.56,1.68,185.00,163.06,113.00,114.94,297.00,279.21,2365.21,2104.44,1456.95,1275.90,667.26,548.10,404.90,404.30,134.10,74.58,81.47,85.46,156.80,158.54,41.61,71.08,56.00,63.34,6.00,7.00,1.00,1.00,54.18,42.05,56.96,52.76,4.52,4.30,11.75,19.42,46.00,29.64,83.00,92.13
1964,0.93,1.01,-10.14,-14.06,6.09,7.15,13.06,14.13,-4.21,-3.13,71.66,72.93,193.00,199.39,134.00,132.43,248.00,258.77,103.00,109.18,113.00,115.84,62.00,57.00,9.59,11.13,11.51,11.32,28.00,18.75,6240.74,6228.91,6.85,9.24,10.00,19.92,1.00,1.00,33.00,22.37,0.00,0.00,9.04,9.13,113.00,119.98,2.28,1.69,180.00,163.49,119.00,114.74,298.00,279.43,2107.65,2108.35,1225.36,1278.22,503.52,549.96,531.74,404.12,69.31,74.10,112.99,85.89,297.59,158.46,68.54,70.86,63.00,63.19,9.00,7.00,6.00,1.00,78.24,42.02,85.63,52.70,5.31,4.28,42.79,19.38,18.00,29.55,95.00,92.25
1965,0.21,1.05,-17.26,-13.99,5.48,7.17,14.20,14.14,-2.64,-3.12,75.43,72.90,208.00,199.37,140.00,132.52,247.00,258.80,121.00,108.90,125.00,115.53,74.00,56.64,14.79,11.07,13.97,11.23,17.00,19.03,6548.20,6217.85,10.14,9.31,29.00,20.08,4.00,1.00,38.00,22.77,0.00,0.00,9.04,9.22,106.00,119.94,4.77,1.69,142.00,163.92,113.00,114.55,254.00,279.64,1944.33,2112.26,1235.61,1280.55,626.93,551.82,381.02,403.94,98.13,73.61,65.89,86.31,165.53,158.38,48.98,70.64,55.00,63.05,6.00,7.00,1.00,1.00,38.47,42.00,47.13,52.64,3.86,4.27,20.58,19.34,38.00,29.45,91.00,92.37
1966,-0.58,1.08,-18.58,-13.91,6.28,7.19,13.77,14.15,-6.50,-3.10,77.40,72.88,199.00,199.35,152.00,132.62,283.00,258.83,125.00,108.63,141.00,115.21,74.00,56.27,20.00,11.02,16.71,11.14,16.00,19.31,6790.37,6206.80,8.22,9.37,16.00,20.23,1.00,1.00,14.00,23.18,0.00,0.00,6.58,9.32,130.00,119.89,0.00,1.70,177.00,164.35,122.00,114.35,298.00,279.86,2101.74,2116.17,1255.64,1282.87,482.83,553.69,379.94,403.76,69.63,73.12,60.80,86.74,152.73,158.30,94.99,70.41,60.00,62.90,7.00,7.00,0.00,1.00,31.40,41.98,31.40,52.58,3.72,4.26,11.62,19.30,24.00,29.36,97.00,92.49
1967,1.02,1.11,-15.01,-13.84,4.42,7.21,16.22,14.16,-1.74,-3.09,72.57,72.85,202.00,199.33,132.00,132.71,281.00,258.86,110.00,108.35,123.00,114.89,71.00,55.91,12.05,10.96,9.32,11.05,23.00,19.59,6242.14,6195.74,12.88,9.44,41.00,20.38,4.00,1.00,24.00,23.59,0.00,0.00,9.32,9.41,148.00,119.85,2.02,1.71,161.00,164.78,132.00,114.15,292.00,280.07,2225.54,2120.08,1434.85,1285.20,722.45,555.55,314.19,403.58,101.75,72.63,59.40,87.17,72.50,158.22,67.19,70.19,61.00,62.76,0.00,7.00,0.00,1.00,15.34,41.96,17.40,52.52,3.23,4.25,0.00,19.26,42.00,29.27,90.00,92.61
1968,0.60,1.14,-13.98,-13.76,7.31,7.23,12.99,14.17,-3.24,-3.07,72.80,72.82,202.00,199.30,135.00,132.81,263.00,258.89,101.00,108.08,105.00,114.58,50.00,55.55,12.60,10.90,11.23,10.96,18.00,19.88,6358.17,6184.68,5.75,9.51,13.00,20.54,1.00,1.00,23.00,24.00,0.00,0.00,7.40,9.50,127.00,119.81,0.31,1.72,167.00,165.21,113.00,113.95,279.00,280.29,1945.67,2123.99,1121.57,1287.52,429.27,557.41,395.39,403.40,81.91,72.15,130.27,87.60,142.97,158.13,57.21,69.96,61.00,62.61,6.00,7.00,2.00,1.00,54.46,41.93,60.77,52.46,3.89,4.24,27.04,19.22,27.00,29.18,96.00,92.73
1969,0.02,1.17,-21.38,-13.69,7.75,7.25,13.37,14.19,-2.84,-3.05,77.08,72.79,196.00,199.28,163.00,132.90,257.00,258.91,117.00,107.81,123.00,114.26,72.00,55.18,13.97,10.84,14.52,10.87,9.00,20.16,6573.67,6173.62,7.12,9.57,23.00,20.69,1.00,1.00,10.00,24.41,0.00,0.00,4.93,9.59,93.00,119.77,0.07,1.72,190.00,165.65,99.00,113.75,288.00,280.50,2178.50,2127.90,1256.19,1289.84,532.75,559.28,391.12,403.22,40.27,71.66,60.68,88.02,207.13,158.05,86.89,69.74,51.00,62.47,7.00,7.00,4.00,1.00,61.08,41.91,64.18,52.40,4.79,4.22,34.81,19.17,29.00,29.09,77.00,92.85
1970,0.79,1.20,-12.80,-13.61,7.82,7.27,14.21,14.20,-6.70,-3.04,76.73,72.76,211.00,199.26,133.00,133.00,253.00,258.94,112.00,107.53,113.00,113.95,62.00,54.82,9.59,10.79,9.04,10.78,10.00,20.44,6313.79,6162.57,6.85,9.64,28.00,20.85,3.00,1.00,22.00,24.82,0.00,0.00,7.40,9.68,119.00,119.72,3.02,1.73,172.00,166.08,107.00,113.55,278.00,280.71,2167.67,2131.81,1337.13,1292.17,612.74,561.14,322.90,403.04,62.97,71.17,64.60,88.45,132.05,157.97,63.32,69.52,52.00,62.33,3.00,7.00,1.00,1.00,37.08,41.89,37.45,52.34,3.65,4.21,12.77,19.13,41.00,29.00,81.00,92.97
1971,0.57,1.23,-15.09,-13.54,7.74,7.29,14.69,14.21,-5.22,-3.02,77.08,72.73,205.00,199.24,130.00,133.10,259.00,258.97,116.00,107.26,127.00,113.63,65.00,54.45,7.95,10.73,12.88,10.68,0.00,20.72,6412.74,6151.51,8.49,9.70,34.00,21.00,4.00,1.00,0.00,25.23,0.00,0.00,9.86,9.77,128.00,119.68,4.06,1.74,177.00,166.51,109.00,113.36,285.00,280.93,2315.27,2135.72,1448.15,1294.49,671.06,563.01,404.81,402.86,58.72,70.68,96.43,88.88,165.52,157.89,82.64,69.29,52.00,62.18,6.00,7.00,2.00,1.00,50.40,41.87,60.25,52.27,4.19,4.20,26.25,19.09,34.00,28.91,91.00,93.09
1972,-0.55,1.27,-18.79,-13.47,7.44,7.30,13.16,14.22,-5.47,-3.01,76.45,72.71,216.00,199.22,136.00,133.19,247.00,259.00,121.00,106.98,126.00,113.32,76.00,54.09,15.89,10.67,15.62,10.59,11.00,21.00,6785.59,6140.45,6.03,9.77,17.00,21.15,2.00,1.00,12.00,25.63,0.00,0.00,8.77,9.86,110.00,119.64,0.07,1.74,147.00,166.94,114.00,113.16,260.00,281.14,1950.42,2139.63,1218.90,1296.82,560.58,564.87,415.96,402.68,93.31,70.20,64.37,89.31,168.23,157.81,87.77,69.07,71.00,62.04,5.00,7.00,1.00,1.00,28.92,41.85,30.83,52.21,3.67,4.19,11.79,19.05,32.00,28.82,106.00,93.21
1973,0.83,1.30,-12.43,-13.39,7.67,7.32,13.69,14.23,-6.61,-2.99,67.69,72.68,200.00,199.20,128.00,133.29,257.00,259.03,114.00,106.71,127.00,113.00,60.00,53.73,9.32,10.61,8.49,10.50,0.00,21.28,6280.56,6129.40,5.75,9.84,18.00,21.31,0.00,1.00,14.00,26.04,0.00,0.00,6.30,9.95,128.00,119.60,0.00,1.75,157.00,167.37,121.00,112.96,277.00,281.36,1989.57,2143.54,1207.48,1299.14,514.28,566.73,550.37,402.50,69.91,69.71,131.08,89.73,232.02,157.73,119.65,68.85,77.00,61.89,10.00,7.00,3.00,1.00,77.73,41.82,79.78,52.15,4.78,4.17,34.94,19.01,26.00,28.73,112.00,93.33
1974,1.01,1.33,-16.36,-13.32,5.98,7.34,13.15,14.24,-0.69,-2.98,74.20,72.65,198.00,199.17,149.00,133.38,250.00,259.06,114.00,106.43,115.00,112.68,49.00,53.36,12.88,10.56,11.23,10.41,22.00,21.56,6209.50,6118.34,9.04,9.90,10.00,21.46,1.00,1.00,28.00,26.45,0.00,0.00,6.30,10.05,100.00,119.55,1.86,1.76,139.00,167.80,110.00,112.76,248.00,281.57,1686.55,2147.45,1009.35,1301.46,406.71,568.60,460.34,402.32,102.67,69.22,63.21,90.16,221.65,157.65,76.07,68.62,76.00,61.75,8.00,7.00,0.00,1.00,35.53,41.80,39.88,52.09,4.06,4.16,16.49,18.97,15.00,28.64,108.00,93.45
1975,1.13,1.36,-13.17,-13.24,6.07,7.36,14.48,14.26,-3.71,-2.96,72.78,72.62,187.00,199.15,122.00,133.48,282.00,259.09,108.00,106.16,113.00,112.37,58.00,53.00,9.04,10.50,7.40,10.32,20.00,21.84,6196.67,6107.28,8.49,9.97,15.00,21.62,2.00,1.00,26.00,26.86,0.00,0.00,9.32,10.14,159.00,119.51,7.88,1.77,167.00,168.23,112.00,112.56,278.00,281.79,2150.04,2151.36,1316.62,1303.79,554.75,570.46,444.72,402.13,47.46,68.73,59.45,90.59,218.56,157.57,103.07,68.40,55.00,61.60,8.00,7.00,4.00,1.00,64.00,41.78,70.15,52.03,4.26,4.15,33.87,18.93,22.00,28.55,100.00,93.57
1976,2.79,1.39,-11.00,-13.17,8.27,7.38,14.44,14.27,-0.50,-2.94,71.86,72.59,188.00,199.13,117.00,133.57,274.00,259.11,79.00,105.89,89.00,112.05,46.00,52.64,4.66,10.44,6.30,10.23,22.00,22.13,5562.34,6096.22,12.33,10.03,14.00,21.77,0.00,1.00,57.00,27.27,0.00,0.00,12.33,10.23,156.00,119.47,0.00,1.77,192.00,168.67,96.00,112.37,287.00,282.00,2317.66,2155.27,1375.64,1306.11,549.66,572.32,449.38,401.95,83.62,68.25,85.19,91.02,227.78,157.49,56.04,68.17,70.00,61.46,9.00,7.00,1.00,1.00,45.46,41.76,59.71,51.97,4.29,4.14,20.57,18.88,35.00,28.45,101.00,93.69
1977,2.25,1.42,-7.37,-13.10,8.39,7.40,13.16,14.28,-5.72,-2.93,73.51,72.56,191.00,199.11,121.00,133.67,244.00,259.14,81.00,105.61,92.00,111.74,39.00,52.27,8.22,10.38,9.59,10.14,47.00,22.41,5757.68,6085.17,9.86,10.10,12.00,21.92,0.00,1.00,46.00,27.68,0.00,0.00,13.97,10.32,122.00,119.43,0.00,1.78,182.00,169.10,94.00,112.17,275.00,282.21,2155.42,2159.18,1262.68,1308.44,486.11,574.19,460.57,401.77,47.03,67.76,174.97,91.44,143.39,157.41,104.75,67.95,62.00,61.31,10.00,7.00,3.00,1.00,50.34,41.73,54.04,51.91,4.70,4.13,29.97,18.84,28.00,28.36,94.00,93.81
1978,1.74,1.45,-13.41,-13.02,7.96,7.42,14.42,14.29,-2.17,-2.91,71.25,72.54,186.00,199.09,144.00,133.76,262.00,259.17,108.00,105.34,105.00,111.42,60.00,51.91,5.48,10.32,5.75,10.05,22.00,22.69,5961.76,6074.11,7.95,10.17,22.00,22.08,3.00,1.00,6.00,28.09,0.00,0.00,10.68,10.41,117.00,119.38,0.06,1.79,189.00,169.53,109.00,111.97,297.00,282.43,2308.44,2163.09,1371.00,1310.76,586.51,576.05,371.86,401.59,24.77,67.27,93.84,91.87,172.76,157.32,76.19,67.73,58.00,61.17,6.00,7.00,1.00,1.00,32.33,41.71,32.33,51.85,3.85,4.11,14.01,18.80,34.00,28.27,90.00,93.93
1979,1.00,1.49,-18.49,-12.95,4.34,7.44,15.84,14.30,-0.15,-2.90,76.11,72.51,204.00,199.07,130.00,133.86,281.00,259.20,104.00,105.06,114.00,111.11,63.00,51.55,10.41,10.27,14.25,9.95,15.00,22.97,6242.57,6063.05,10.41,10.23,31.00,22.23,1.00,1.00,16.00,28.49,0.00,0.00,12.05,10.50,150.00,119.34,3.04,1.80,165.00,169.96,127.00,111.77,291.00,282.64,2269.98,2167.00,1449.57,1313.08,694.67,577.92,401.23,401.41,81.37,66.78,103.86,92.30,175.94,157.24,47.72,67.50,57.00,61.02,9.00,7.00,1.00,1.00,61.12,41.69,61.12,51.78,4.25,4.10,29.83,18.76,40.00,28.18,89.00,94.04
1980,2.43,1.52,-12.82,-12.87,10.13,7.46,13.74,14.32,-1.21,-2.88,72.28,72.48,177.00,199.04,124.00,133.95,262.00,259.23,87.00,104.79,101.00,110.79,54.00,51.18,5.21,10.21,7.95,9.86,20.00,23.25,5702.38,6051.99,18.08,10.30,27.00,22.38,0.00,1.00,57.00,28.90,0.00,0.00,14.52,10.59,137.00,119.30,0.75,1.80,161.00,170.39,101.00,111.57,261.00,282.86,2162.67,2170.91,1359.11,1315.41,613.25,579.78,379.06,401.23,37.01,66.30,81.08,92.73,175.69,157.16,64.72,67.28,60.00,60.88,9.00,7.00,0.00,1.00,28.60,41.67,37.36,51.72,3.84,4.09,8.25,18.72,36.00,28.09,92.00,94.16
1981,3.70,1.55,-8.06,-12.80,7.95,7.48,16.72,14.33,-1.98,-2.86,74.74,72.45,199.00,199.02,124.00,134.05,246.00,259.26,86.00,104.51,87.00,110.47,30.00,50.82,3.84,10.15,5.75,9.77,40.00,23.53,5312.65,6040.94,18.63,10.36,48.00,22.54,14.00,1.00,64.00,29.31,0.00,0.00,15.89,10.68,121.00,119.26,17.55,1.81,184.00,170.82,109.00,111.38,292.00,283.07,2486.88,2174.82,1591.38,1317.73,822.98,581.64,261.61,401.05,38.94,65.81,89.43,93.15,98.62,157.08,52.03,67.05,38.00,60.74,4.00,7.00,1.00,1.00,45.64,41.65,48.48,51.66,3.48,4.08,17.61,18.68,42.00,28.00,69.00,94.28
1982,-0.35,1.58,-20.69,-12.72,6.10,7.49,14.59,14.34,-3.75,-2.85,76.42,72.42,204.00,199.00,130.00,134.14,238.00,259.29,130.00,104.24,137.00,110.16,81.00,50.45,11.78,10.09,12.88,9.68,0.00,23.81,6742.90,6029.88,6.03,10.43,34.00,22.69,5.00,1.00,8.00,29.72,0.00,0.00,7.40,10.78,107.00,119.21,5.34,1.82,174.00,171.25,115.00,111.18,288.00,283.29,2236.41,2178.73,1375.43,1320.06,645.32,583.51,391.13,400.87,94.89,65.32,40.57,93.58,208.62,157.00,47.23,66.83,48.00,60.59,5.00,7.00,4.00,1.00,94.96,41.62,104.25,51.60,3.87,4.06,35.11,18.64,21.00,27.91,94.00,94.40
1983,1.39,1.61,-11.24,-12.65,7.19,7.51,14.35,14.35,-4.49,-2.83,70.28,72.39,202.00,198.98,143.00,134.24,261.00,259.31,120.00,103.97,114.00,109.84,45.00,50.09,6.03,10.04,7.95,9.59,0.00,24.09,6085.45,6018.82,7.40,10.50,23.00,22.85,2.00,1.00,0.00,30.13,0.00,0.00,8.49,10.87,117.00,119.17,0.56,1.83,205.00,171.69,103.00,110.98,307.00,283.50,2294.90,2182.64,1339.23,1322.38,608.93,585.37,453.73,400.69,32.07,64.83,128.54,94.01,237.37,156.92,56.53,66.61,61.00,60.45,8.00,7.00,4.00,1.00,55.98,41.60,57.49,51.54,4.63,4.05,24.19,18.60,13.00,27.82,91.00,94.52
1984,1.85,1.64,-7.73,-12.58,8.37,7.53,14.05,14.36,-7.10,-2.82,71.50,72.37,196.00,198.96,132.00,134.33,242.00,259.34,91.00,103.69,103.00,109.53,49.00,49.73,10.41,9.98,14.52,9.50,55.00,24.38,5936.24,6007.76,14.79,10.56,22.00,23.00,5.00,1.00,57.00,30.54,0.00,0.00,12.60,10.96,109.00,119.13,5.97,1.83,162.00,172.12,103.00,110.78,264.00,283.71,1981.68,2186.55,1183.40,1324.70,526.68,587.23,515.90,400.51,41.43,64.34,176.05,94.44,208.37,156.84,83.32,66.38,65.00,60.30,13.00,7.00,3.00,1.00,56.85,41.58,72.28,51.48,4.68,4.04,29.49,18.55,31.00,27.73,105.00,94.64
1985,1.61,1.67,-12.63,-12.50,7.86,7.55,13.80,14.37,-6.39,-2.80,70.16,72.34,210.00,198.93,132.00,134.43,249.00,259.37,90.00,103.42,97.00,109.21,50.00,49.36,11.78,9.92,9.59,9.41,51.00,24.66,6011.02,5996.71,11.78,10.63,30.00,23.15,2.00,1.00,46.00,30.95,0.00,0.00,11.78,11.05,116.00,119.09,3.34,1.84,165.00,172.55,120.00,110.58,284.00,283.93,2017.97,2190.46,1223.97,1327.03,539.69,589.10,411.71,400.33,65.89,63.86,44.32,94.86,224.25,156.76,83.63,66.16,63.00,60.16,5.00,7.00,2.00,1.00,48.40,41.56,54.53,51.42,3.87,4.03,18.47,18.51,29.00,27.64,100.00,94.76
1986,2.58,1.71,-9.14,-12.43,7.59,7.57,14.30,14.39,-2.97,-2.79,75.78,72.31,197.00,198.91,136.00,134.52,256.00,259.40,97.00,103.14,109.00,108.89,33.00,49.00,10.41,9.86,9.04,9.32,29.00,24.94,5649.80,5985.65,12.88,10.69,25.00,23.31,3.00,1.00,54.00,31.36,0.00,0.00,13.42,11.14,119.00,119.04,0.26,1.85,177.00,172.98,122.00,110.39,298.00,284.14,2207.08,2194.37,1336.71,1329.35,612.16,590.96,366.29,400.15,65.13,63.37,95.72,95.29,128.97,156.68,76.84,65.93,60.00,60.01,6.00,7.00,0.00,1.00,38.68,41.53,52.75,51.36,3.70,4.02,12.61,18.47,27.00,27.55,95.00,94.88
1987,4.14,1.74,-8.65,-12.35,8.61,7.59,14.73,14.40,1.27,-2.77,61.65,72.28,187.00,198.89,141.00,134.62,279.00,259.43,79.00,102.87,84.00,108.58,20.00,48.64,5.21,9.81,3.29,9.22,56.00,25.22,5088.81,5974.59,15.07,10.76,28.00,23.46,3.00,1.00,51.00,31.76,0.00,0.00,14.52,11.23,137.00,119.00,3.30,1.85,192.00,173.41,100.00,110.19,291.00,284.36,2409.19,2198.28,1470.12,1331.68,652.31,592.83,362.86,399.96,57.69,62.88,86.13,95.72,192.28,156.60,17.63,65.71,53.00,59.87,7.00,7.00,1.00,1.00,33.86,41.51,49.18,51.29,4.49,4.00,29.12,18.43,48.00,27.45,78.00,95.00
1988,2.67,1.77,-9.94,-12.28,8.50,7.61,14.48,14.41,-1.59,-2.75,75.06,72.25,204.00,198.87,127.00,134.71,252.00,259.46,83.00,102.59,86.00,108.26,44.00,48.27,7.40,9.75,6.85,9.13,50.00,25.50,5610.61,5963.53,16.16,10.83,20.00,23.62,1.00,1.00,66.00,32.17,0.00,0.00,11.51,11.32,124.00,118.96,0.00,1.86,191.00,173.84,103.00,109.99,293.00,284.57,2315.60,2202.19,1389.54,1334.00,610.76,594.69,457.30,399.78,69.22,62.39,170.21,96.15,169.23,156.51,51.74,65.49,59.00,59.72,10.00,7.00,2.00,1.00,45.51,41.49,68.45,51.23,5.20,3.99,28.25,18.39,31.00,27.36,85.00,95.12
1989,1.84,1.80,-15.26,-12.21,7.52,7.63,14.84,14.42,-2.68,-2.74,69.28,72.22,210.00,198.85,148.00,134.81,253.00,259.49,101.00,102.32,118.00,107.95,58.00,47.91,11.23,9.69,8.22,9.04,16.00,25.78,5941.42,5952.48,10.96,10.89,29.00,23.77,1.00,1.00,24.00,32.58,0.00,0.00,12.05,11.42,104.00,118.91,2.70,1.87,173.00,174.27,113.00,109.79,285.00,284.79,2261.32,2206.10,1408.87,1336.32,678.42,596.55,445.01,399.60,55.44,61.91,103.56,96.58,205.46,156.43,85.47,65.26,66.00,59.58,10.00,7.00,4.00,1.00,54.41,41.47,57.51,51.17,4.53,3.98,33.00,18.35,17.00,27.27,96.00,95.24
1990,1.37,1.83,-10.18,-12.13,7.58,7.65,15.73,14.43,-6.16,-2.72,76.36,72.20,202.00,198.83,135.00,134.90,270.00,259.51,99.00,102.05,110.00,107.63,56.00,47.55,10.68,9.63,11.23,8.95,43.00,26.06,6129.38,5941.42,13.97,10.96,33.00,23.92,7.00,1.00,59.00,32.99,0.00,0.00,12.88,11.51,134.00,118.87,8.53,1.88,177.00,174.71,107.00,109.59,283.00,285.00,2286.44,2210.01,1445.25,1338.65,711.72,598.42,408.58,399.42,68.91,61.42,134.27,97.00,93.27,156.35,101.70,65.04,59.00,59.43,4.00,7.00,2.00,1.00,75.93,41.45,78.37,51.11,4.49,3.97,16.90,18.31,21.00,27.18,86.00,95.36
1991,2.65,1.86,-11.72,-12.06,8.75,7.67,15.48,14.44,-4.77,-2.71,72.14,72.17,192.00,198.80,144.00,135.00,260.00,259.54,103.00,101.77,107.00,107.32,38.00,47.18,8.77,9.57,9.86,8.86,54.00,26.34,5666.60,5930.36,13.97,11.02,33.00,24.08,7.00,1.00,50.00,33.40,0.00,0.00,15.62,11.60,115.00,118.83,10.37,1.88,193.00,175.14,102.00,109.40,294.00,285.21,2465.06,2213.92,1525.05,1340.97,701.45,600.28,417.09,399.24,41.95,60.93,120.29,97.43,149.76,156.27,118.80,64.82,60.00,59.29,8.00,7.00,1.00,1.00,37.62,41.42,52.42,51.05,4.35,3.95,21.33,18.27,49.00,27.09,92.00,95.48
1992,2.41,1.89,-6.94,-11.98,8.48,7.68,13.34,14.46,-2.97,-2.69,82.48,72.14,203.00,198.78,143.00,135.10,234.00,259.57,89.00,101.50,94.00,107.00,36.00,46.82,11.78,9.52,10.41,8.77,46.00,26.63,5710.99,5919.30,14.79,11.09,27.00,24.23,2.00,1.00,52.00,33.81,0.00,0.00,11.51,11.69,90.00,118.79,1.00,1.89,176.00,175.57,109.00,109.20,284.00,285.43,2095.92,2217.83,1247.55,1343.30,576.25,602.14,367.32,399.06,55.48,60.44,94.85,97.86,145.91,156.19,57.46,64.59,59.00,59.14,8.00,7.00,0.00,1.00,28.61,41.40,31.56,50.99,3.72,3.94,11.86,18.22,22.00,27.00,96.00,95.60
1993,2.90,1.93,-13.73,-11.91,9.25,7.70,13.40,14.47,-0.80,-2.67,63.05,72.11,199.00,198.76,118.00,135.19,262.00,259.60,78.00,101.22,87.00,106.68,42.00,46.45,7.40,9.46,4.38,8.68,20.00,26.91,5515.59,5908.25,13.15,11.16,12.00,24.38,0.00,1.00,53.00,34.22,0.00,0.00,10.96,11.78,143.00,118.74,0.00,1.90,169.00,176.00,117.00,109.00,285.00,285.64,2098.66,2221.74,1270.73,1345.62,541.85,604.01,421.34,398.88,40.54,59.96,72.10,98.29,249.87,156.11,62.54,64.37,64.00,59.00,6.00,7.00,2.00,1.00,73.04,41.38,73.04,50.93,5.13,3.93,24.20,18.18,44.00,26.91,80.00,95.72
1994,1.38,1.96,-15.32,-11.83,8.07,7.72,15.95,14.48,-3.98,-2.66,74.04,72.08,198.00,198.74,148.00,135.29,264.00,259.63,106.00,100.95,114.00,106.37,66.00,46.09,6.30,9.40,7.95,8.58,10.00,27.19,6115.45,5897.19,11.23,11.22,30.00,24.54,3.00,1.00,31.00,34.62,0.00,0.00,12.60,11.87,115.00,118.70,4.70,1.91,183.00,176.43,118.00,108.80,300.00,285.86,2365.82,2225.65,1481.19,1347.94,716.41,605.87,446.44,398.70,125.17,59.47,85.62,98.71,178.72,156.03,59.60,64.14,72.00,58.86,7.00,7.00,1.00,1.00,44.26,41.36,54.48,50.87,4.18,3.92,18.36,18.14,35.00,26.82,104.00,95.84
1995,0.97,1.99,-12.38,-11.76,7.87,7.74,13.63,14.49,-6.26,-2.64,69.09,72.06,209.00,198.72,145.00,135.38,261.00,259.66,116.00,100.67,126.00,106.05,55.00,45.73,10.68,9.34,7.40,8.49,7.00,27.47,6219.52,5886.13,7.40,11.29,17.00,24.69,0.00,1.00,28.00,35.03,0.00,0.00,6.03,11.96,115.00,118.66,0.00,1.91,193.00,176.86,108.00,108.60,300.00,286.07,2256.48,2229.56,1327.66,1350.27,574.26,607.74,361.24,398.52,39.23,58.98,85.31,99.14,121.46,155.95,119.47,63.92,58.00,58.71,5.00,7.00,0.00,1.00,25.51,41.34,27.18,50.81,3.25,3.91,11.67,18.10,22.00,26.73,107.00,95.96
1996,-1.27,2.02,-15.19,-11.69,4.72,7.76,13.69,14.50,-6.69,-2.63,75.49,72.03,211.00,198.70,135.00,135.48,252.00,259.69,123.00,100.40,130.00,105.74,79.00,45.36,19.18,9.29,18.08,8.40,13.00,27.75,7049.51,5875.07,5.75,11.36,9.00,24.85,0.00,1.00,21.00,35.44,0.00,0.00,5.48,12.05,116.00,118.62,0.68,1.92,173.00,177.29,116.00,108.41,288.00,286.29,1941.43,2233.47,1132.93,1352.59,459.64,609.60,571.99,398.34,45.32,58.49,202.67,99.57,211.18,155.87,109.49,63.70,86.00,58.57,9.00,7.00,4.00,1.00,63.18,41.31,85.40,50.74,4.75,3.89,28.06,18.06,30.00,26.64,118.00,96.07
1997,2.27,2.05,-15.71,-11.61,6.42,7.78,14.92,14.51,-0.52,-2.61,76.10,72.00,207.00,198.67,143.00,135.57,260.00,259.71,94.00,100.13,104.00,105.42,34.00,45.00,7.40,9.23,10.41,8.31,43.00,28.03,5763.50,5864.02,9.59,11.42,15.00,25.00,2.00,1.00,52.00,35.85,0.00,0.00,13.15,12.15,116.00,118.57,3.03,1.93,156.00,177.73,121.00,108.21,276.00,286.50,2117.93,2237.38,1342.49,1354.92,646.83,611.46,476.87,398.16,62.12,58.01,155.13,100.00,202.29,155.79,58.17,63.47,71.00,58.42,13.00,7.00,2.00,1.00,45.17,41.29,52.81,50.68,4.17,3.88,24.56,18.02,18.00,26.55,111.00,96.19
1998,3.28,2.08,-10.95,-11.54,10.48,7.80,16.55,14.53,-1.73,-2.60,72.50,71.97,189.00,198.65,128.00,135.67,258.00,259.74,101.00,99.85,104.00,105.11,40.00,44.64,2.47,9.17,3.01,8.22,34.00,28.31,5454.98,5852.96,16.71,11.49,59.00,25.15,5.00,1.00,42.00,36.26,0.00,0.00,18.63,12.24,129.00,118.53,5.01,1.94,177.00,178.16,105.00,108.01,281.00,286.71,2563.46,2241.29,1687.70,1357.24,872.85,613.33,252.49,397.98,43.41,57.52,45.92,100.42,82.35,155.70,74.20,63.25,43.00,58.28,0.00,7.00,0.00,1.00,15.76,41.27,15.99,50.62,3.01,3.87,0.00,17.98,28.00,26.45,78.00,96.31
1999,2.90,2.11,-13.00,-11.46,7.90,7.82,14.55,14.54,-1.07,-2.58,70.74,71.94,195.00,198.63,134.00,135.76,197.00,259.77,85.00,99.58,95.00,104.79,34.00,44.27,7.95,9.11,6.30,8.13,10.00,28.59,5550.40,5841.90,12.88,11.55,32.00,25.31,6.00,1.00,32.00,36.67,0.00,0.00,11.51,12.33,63.00,118.49,2.09,1.94,166.00,178.59,106.00,107.81,271.00,286.93,2096.31,2245.20,1278.42,1359.56,558.78,615.19,320.12,397.79,86.96,57.03,95.49,100.85,81.58,155.62,62.80,63.02,64.00,58.13,2.00,7.00,0.00,1.00,16.80,41.25,26.19,50.56,3.29,3.86,0.00,17.93,28.00,26.36,89.00,96.43
2000,1.52,2.15,-10.42,-11.39,6.68,7.84,13.47,14.55,-3.03,-2.56,64.81,71.91,202.00,198.61,146.00,135.86,264.00,259.80,97.00,99.30,110.00,104.47,44.00,43.91,8.77,9.06,11.23,8.04,27.00,28.88,6026.08,5830.84,4.93,11.62,14.00,25.46,0.00,1.00,34.00,37.08,0.00,0.00,7.12,12.42,117.00,118.45,0.00,1.95,167.00,179.02,108.00,107.61,274.00,287.14,1936.90,2249.11,1120.17,1361.89,447.48,617.05,512.27,397.61,42.23,56.54,189.05,101.28,242.40,155.54,43.20,62.80,66.00,57.99,11.00,7.00,2.00,1.00,77.50,41.22,80.06,50.50,4.40,3.84,28.96,17.89,28.00,26.27,108.00,96.55
2001,3.03,2.18,-7.46,-11.31,7.02,7.86,14.68,14.56,-2.53,-2.55,63.13,71.89,197.00,198.59,131.00,135.95,276.00,259.83,78.00,99.03,86.00,104.16,43.00,43.55,5.75,9.00,6.30,7.95,64.00,29.16,5484.73,5819.79,10.14,11.69,17.00,25.62,1.00,1.00,69.00,37.48,0.00,0.00,15.62,12.51,144.00,118.40,0.90,1.96,180.00,179.45,113.00,107.42,292.00,287.36,2256.93,2253.02,1366.54,1364.21,612.15,618.92,364.76,397.43,23.28,56.06,117.25,101.71,152.95,155.46,72.07,62.58,53.00,57.84,7.00,7.00,1.00,1.00,40.57,41.20,43.07,50.44,3.55,3.83,17.78,17.85,23.00,26.18,96.00,96.67
2002,1.65,2.21,-13.56,-11.24,4.69,7.88,14.48,14.57,-1.08,-2.53,73.18,71.86,202.00,198.57,129.00,136.05,266.00,259.86,99.00,98.75,100.00,103.84,43.00,43.18,16.44,8.94,15.62,7.85,45.00,29.44,6019.20,5808.73,12.05,11.75,30.00,25.77,3.00,1.00,62.00,37.89,0.00,0.00,17.81,12.60,136.00,118.36,3.44,1.97,156.00,179.88,128.00,107.22,283.00,287.57,2001.53,2256.93,1237.59,1366.54,587.53,620.78,319.07,397.25,44.40,55.57,77.09,102.13,155.30,155.38,42.28,62.35,50.00,57.70,3.00,7.00,1.00,1.00,37.19,41.18,40.55,50.38,3.70,3.82,14.23,17.81,26.00,26.09,79.00,96.79
2003,1.79,2.24,-12.26,-11.17,6.82,7.89,14.60,14.59,-2.20,-2.52,71.70,71.83,198.00,198.54,138.00,136.14,259.00,259.89,114.00,98.48,111.00,103.53,44.00,42.82,9.32,8.88,11.51,7.76,30.00,29.72,5941.52,5797.67,9.04,11.82,26.00,25.92,1.00,1.00,27.00,38.30,0.00,0.00,12.33,12.69,120.00,118.32,1.98,1.97,178.00,180.31,109.00,107.02,286.00,287.79,2201.27,2260.84,1353.50,1368.86,624.51,622.65,413.60,397.07,102.79,55.08,105.80,102.56,156.47,155.30,46.25,62.13,66.00,57.55,5.00,7.00,1.00,1.00,31.51,41.16,32.98,50.32,3.52,3.81,12.77,17.77,24.00,26.00,107.00,96.91
2004,2.09,2.27,-11.63,-11.09,7.09,7.91,13.98,14.60,-1.47,-2.50,76.38,71.80,203.00,198.52,143.00,136.24,256.00,259.91,98.00,98.21,97.00,103.21,36.00,42.45,8.77,8.82,12.33,7.67,31.00,30.00,5839.00,5786.61,9.86,11.88,26.00,26.08,1.00,1.00,23.00,38.71,0.00,0.00,11.23,12.79,112.00,118.28,0.51,1.98,193.00,180.75,96.00,106.82,288.00,288.00,2190.22,2264.75,1297.02,1371.18,575.16,624.51,493.40,396.89,64.04,54.59,86.04,102.99,270.08,155.22,60.01,61.90,73.00,57.41,8.00,7.00,2.00,1.00,43.05,41.14,59.07,50.25,4.04,3.80,19.57,17.73,23.00,25.91,118.00,97.03
2005,3.21,2.30,-10.26,-11.02,8.37,7.93,13.26,14.61,-0.40,-2.48,67.15,71.77,192.00,198.50,133.00,136.33,254.00,259.94,81.00,97.93,81.00,102.89,28.00,42.09,10.41,8.77,5.48,7.58,55.00,30.28,5404.36,5775.56,15.34,11.95,15.00,26.23,0.00,1.00,62.00,39.12,0.00,0.00,14.25,12.88,120.00,118.23,0.00,1.99,181.00,181.18,109.00,106.62,289.00,288.21,2102.20,2268.65,1229.63,1373.51,491.69,626.37,308.58,396.71,69.74,54.11,79.30,103.42,145.16,155.14,29.53,61.68,49.00,57.26,5.00,7.00,1.00,1.00,38.65,41.11,47.50,50.19,3.38,3.78,18.19,17.69,27.00,25.82,85.00,97.15
2006,2.96,2.33,-9.11,-10.94,9.54,7.95,15.39,14.62,-4.43,-2.47,66.09,71.74,199.00,198.48,130.00,136.43,260.00,259.97,108.00,97.66,115.00,102.58,29.00,41.73,9.59,8.71,7.40,7.49,31.00,30.56,5533.88,5764.50,13.97,12.02,37.00,26.38,7.00,1.00,66.00,39.53,0.00,0.00,15.62,12.97,129.00,118.19,7.16,1.99,196.00,181.61,92.00,106.43,287.00,288.43,2502.54,2272.56,1543.44,1375.83,740.23,628.24,412.91,396.53,53.13,53.62,143.25,103.84,114.74,155.06,102.16,61.46,59.00,57.12,7.00,7.00,1.00,1.00,49.62,41.09,56.59,50.13,4.04,3.77,21.73,17.65,33.00,25.73,97.00,97.27
2007,1.99,2.37,-10.76,-10.87,7.34,7.97,14.45,14.63,-3.38,-2.45,66.79,71.72,197.00,198.46,144.00,136.52,260.00,260.00,113.00,97.38,118.00,102.26,41.00,41.36,7.67,8.65,6.03,7.40,9.00,30.84,5897.31,5753.44,6.03,12.08,23.00,26.54,3.00,1.00,23.00,39.94,0.00,0.00,12.88,13.06,115.00,118.15,8.65,2.00,186.00,182.04,113.00,106.23,298.00,288.64,2233.23,2276.47,1336.50,1378.15,603.28,630.10,477.55,396.35,104.28,53.13,146.80,104.27,157.20,154.98,63.98,61.23,74.00,56.98,7.00,7.00,1.00,1.00,47.75,41.07,50.01,50.07,3.83,3.76,17.90,17.60,20.00,25.64,117.00,97.39
2008,1.95,2.40,-11.87,-10.80,6.56,7.99,15.53,14.64,-1.91,-2.44,77.55,71.69,191.00,198.43,132.00,136.62,267.00,260.03,100.00,97.11,110.00,101.95,46.00,41.00,9.86,8.59,7.67,7.31,0.00,31.13,5918.43,5742.39,12.05,12.15,34.00,26.69,9.00,1.00,27.00,40.35,0.00,0.00,12.60,13.15,134.00,118.11,12.82,2.01,191.00,182.47,117.00,106.03,307.00,288.86,2409.48,2280.38,1494.11,1380.48,715.23,631.96,373.70,396.17,54.84,52.64,118.65,104.70,122.68,154.90,76.08,61.01,56.00,56.83,5.00,7.00,1.00,1.00,25.32,41.05,26.68,50.01,3.40,3.75,13.92,17.56,16.00,25.55,104.00,97.51
2009,1.51,2.43,-14.58,-10.72,6.46,8.01,15.58,14.66,-3.09,-2.42,72.10,71.66,207.00,198.41,157.00,136.71,274.00,260.06,107.00,96.83,103.00,101.63,51.00,40.64,14.25,8.54,10.41,7.21,34.00,31.41,6047.68,5731.33,9.59,12.21,40.00,26.85,1.00,1.00,44.00,40.75,0.00,0.00,12.33,13.24,116.00,118.06,1.03,2.02,176.00,182.90,105.00,105.83,280.00,289.07,2197.00,2284.29,1372.19,1382.80,653.52,633.83,279.61,395.99,62.76,52.15,53.50,105.13,103.72,154.81,60.69,60.78,42.00,56.69,1.00,7.00,0.00,1.00,18.44,41.02,23.10,49.95,2.71,3.73,0.00,17.52,20.00,25.45,93.00,97.63
2010,2.81,2.46,-9.39,-10.65,7.92,8.03,14.54,14.67,-2.34,-2.41,61.50,71.63,197.00,198.39,142.00,136.81,256.00,260.09,103.00,96.56,98.00,101.32,35.00,40.27,7.67,8.48,3.56,7.12,35.00,31.69,5578.55,5720.27,13.97,12.28,33.00,27.00,0.00,1.00,30.00,41.16,0.00,0.00,15.34,13.33,113.00,118.02,0.08,2.02,191.00,183.33,103.00,105.63,293.00,289.29,2382.09,2288.20,1461.73,1385.13,697.45,635.69,250.57,395.81,22.90,51.67,79.38,105.55,104.69,154.73,45.83,60.56,34.00,56.54,2.00,7.00,1.00,1.00,40.98,41.00,47.08,49.89,2.92,3.72,12.83,17.48,34.00,25.36,77.00,97.75
2011,,2.49,,-10.57,,8.05,,14.68,,-2.39,,71.60,,198.37,,136.90,,260.11,,96.29,,101.00,,39.91,,8.42,,7.03,,31.97,,5709.21,,12.35,,27.15,,1.00,,41.57,,0.00,,13.42,,117.98,,2.03,,183.77,,105.44,,289.50,,2292.11,,1387.45,,637.56,,395.62,,51.18,,105.98,,154.65,,60.34,,56.40,,7.00,,1.00,,40.98,,49.83,,3.71,,17.44,,25.27,,97.87
