Station:,"59.2428,-109.3135",,,,Station ID:,50,,Begin Yr:,1949,,,,,,,,,,,,,,,,,,,,,,,,,,,,,,,,,,,,,,,,,,,,,,,,,,,,,,,,,,,,,,,,,,,,,,,,,,,,,,,
Lat:,59.24280167,Lon:,-109.3134995,,Country:,Canada,,End Yr:,2011,,,,,,,,,,,,,,,,,,,,,,,,,,,,,,,,,,,,,,,,,,,,,,,,,,,,,,,,,,,,,,,,,,,,,,,,,,,,,,,
Trend (/yr):,,,,,,,,,,,,,,,,,,,,,,,,,,,,,,,,,,,,,,,,,,,,,,,,,,,,,,,,,,,,,,,,,,,,,,,,,,,,,,,,,,,,,,,,
Significance:,,,,,,,,,,,,,,,,,,,,,,,,,,,,,,,,,,,,,,,,,,,,,,,,,,,,,,,,,,,,,,,,,,,,,,,,,,,,,,,,,,,,,,,,
Year,01TMEAN,01TMEAN Trendline,02TWinter,02TWinter Trendline,03TSpring,03TSpring Trendline,04TSummer,04TSummer Trendline,05TFall,05TFall Trendline,06TRange,06TRange Trendline,21FrostDays,21FrostDays Trendline,22FrostLast,22FrostLast Trendline,23FrostFirst,23FrostFirst Trendline,24IceDays,24IceDays Trendline,25Tmin10,25Tmin10 Trendline,26Tmin20,26Tmin20 Trendline,27ColdNights,27ColdNights Trendline,28ColdDays,28ColdDays Trendline,29ColdSpell,29ColdSpell Trendline,30HeatingDD,30HeatingDD Trendline,40Tmax90,40Tmax90 Trendline,41SummerDays,41SummerDays Trendline,42Tmax30,42Tmax30 Trendline,43HWDI,43HWDI Trendline,44TropNight,44TropNight Trendline,45Tmin90,45Tmin90 Trendline,46FrostFree,46FrostFree Trendline,47CoolingDD,47CoolingDD Trendline,61GSL,61GSL Trendline,62GSLBegin,62GSLBegin Trendline,63GSLEnd,63GSLEnd Trendline,64GDD0,64GDD0 Trendline,65GDD5,65GDD5 Trendline,66GDD10,66GDD10 Trendline,81PAnnual,81PAnnual Trendline,82PWinter,82PWinter Trendline,83PSpring,83PSpring Trendline,84PSummer,84PSummer Trendline,85PFall,85PFall Trendline,86Pge2,86Pge2 Trendline,87Pge10,87Pge10 Trendline,88Pge20,88Pge20 Trendline,89P3days,89P3days Trendline,90P5days,90P5days Trendline,91SDPI,91SDPI Trendline,92Pge95,92Pge95 Trendline,93DryPeriod,93DryPeriod Trendline,94PDays1,94PDays1 Trendline
1949,,,,,,,,,,,,,,,,,,,,,,,,,,,,,,,,,,,,,,,,,,,,,,,,,,,,,,,,,,,,,,,,,,,,,,,,,,,,,,,,,,,,,,,,
1950,-4.96,-3.39,-27.31,-22.85,2.38,2.94,12.99,13.98,-9.59,-8.37,80.18,76.23,234.00,219.94,158.00,150.31,236.00,251.98,161.00,155.97,160.00,153.08,122.00,106.50,21.64,12.96,10.68,10.61,7.00,11.65,8401.15,7863.16,5.21,9.24,16.00,19.64,4.00,1.00,6.00,19.00,0.00,0.00,1.64,5.21,77.00,104.00,5.98,3.17,149.00,146.82,123.00,124.86,271.00,270.50,1701.88,1825.49,968.54,1133.80,377.86,531.88,354.04,355.87,54.54,62.76,50.19,70.53,91.65,121.09,142.02,92.44,54.00,51.19,2.00,2.97,1.00,0.00,35.94,24.84,42.11,29.02,2.66,2.95,9.19,9.78,25.00,22.21,115.00,98.73
1951,-4.67,-3.36,-23.74,-22.77,2.20,2.94,13.94,13.99,-11.76,-8.34,76.93,76.15,227.00,219.77,156.00,150.24,265.00,252.24,173.00,155.84,173.00,152.79,120.00,106.00,24.66,12.81,18.08,10.58,20.00,12.13,8290.12,7852.45,9.32,9.25,22.00,19.52,1.00,1.00,27.00,19.25,0.00,0.00,3.84,5.37,108.00,104.29,0.65,3.17,148.00,146.77,117.00,125.09,264.00,270.67,1745.90,1825.74,1044.38,1134.13,457.56,532.13,306.75,355.85,60.95,62.47,98.47,70.45,93.72,121.90,61.60,92.08,47.00,51.14,1.00,3.00,0.00,0.00,26.25,25.05,36.51,29.26,2.49,2.96,3.31,9.99,21.00,22.25,108.00,98.58
1952,-1.80,-3.33,-23.38,-22.69,6.27,2.95,12.61,14.01,-4.78,-8.30,73.90,76.06,202.00,219.60,147.00,150.17,252.00,252.50,141.00,155.71,138.00,152.49,91.00,105.50,10.41,12.67,8.49,10.55,13.00,12.61,7233.15,7841.74,9.04,9.26,5.00,19.41,0.00,1.00,33.00,19.50,0.00,0.00,8.49,5.53,104.00,104.59,0.00,3.17,154.00,146.72,115.00,125.32,268.00,270.83,1814.87,1825.99,1048.29,1134.46,378.42,532.37,338.12,355.84,60.70,62.18,72.79,70.37,132.64,122.72,75.83,91.73,54.00,51.10,1.00,3.03,0.00,0.00,16.04,25.27,18.90,29.49,2.57,2.97,3.90,10.20,20.00,22.30,113.00,98.42
1953,-1.60,-3.30,-20.18,-22.61,3.16,2.95,14.64,14.02,-4.36,-8.26,76.89,75.97,211.00,219.42,155.00,150.10,276.00,252.76,148.00,155.57,143.00,152.20,70.00,105.00,10.14,12.52,8.77,10.52,47.00,13.09,7222.91,7831.04,9.32,9.26,21.00,19.29,7.00,1.00,20.00,19.75,0.00,0.00,7.40,5.70,120.00,104.88,15.76,3.17,136.00,146.67,138.00,125.55,273.00,271.00,1789.04,1826.25,1112.24,1134.79,532.87,532.62,318.68,355.82,57.72,61.90,23.84,70.29,111.27,123.53,115.77,91.38,54.00,51.05,1.00,3.06,0.00,0.00,18.80,25.48,29.95,29.72,2.82,2.98,4.36,10.41,20.00,22.34,100.00,98.27
1954,-2.41,-3.27,-22.15,-22.52,-0.74,2.95,15.00,14.03,-2.88,-8.23,75.91,75.88,219.00,219.25,150.00,150.03,259.00,253.02,143.00,155.44,154.00,151.90,82.00,104.50,13.15,12.37,11.51,10.49,47.00,13.57,7485.10,7820.33,15.34,9.27,21.00,19.18,1.00,1.00,46.00,20.00,0.00,0.00,9.59,5.86,108.00,105.18,3.17,3.17,137.00,146.62,135.00,125.77,271.00,271.17,1897.49,1826.50,1217.46,1135.12,599.41,532.87,275.74,355.80,51.59,61.61,23.87,70.21,91.28,124.35,104.83,91.03,48.00,51.00,0.00,3.09,0.00,0.00,18.53,25.70,21.25,29.95,2.81,2.99,0.00,10.62,34.00,22.38,90.00,98.12
1955,-3.54,-3.24,-24.48,-22.44,4.07,2.95,15.09,14.04,-9.82,-8.19,75.70,75.79,219.00,219.08,134.00,149.97,252.00,253.28,151.00,155.31,154.00,151.61,123.00,104.00,9.32,12.22,12.88,10.46,7.00,14.04,7957.78,7809.62,9.86,9.28,31.00,19.06,9.00,1.00,16.00,20.25,0.00,0.00,7.12,6.03,117.00,105.47,23.65,3.17,137.00,146.57,134.00,126.00,270.00,271.33,1943.12,1826.75,1265.71,1135.45,664.57,533.12,332.99,355.79,98.71,61.32,70.91,70.14,79.26,125.16,98.09,90.68,53.00,50.95,1.00,3.12,0.00,0.00,16.44,25.91,21.08,30.18,2.77,3.00,4.09,10.84,17.00,22.43,109.00,97.97
1956,-3.05,-3.21,-22.11,-22.36,2.65,2.96,13.95,14.05,-9.05,-8.15,72.53,75.70,232.00,218.91,143.00,149.90,249.00,253.54,153.00,155.18,152.00,151.31,100.00,103.50,11.51,12.08,11.78,10.43,27.00,14.52,7720.44,7798.91,7.12,9.29,23.00,18.94,0.00,1.00,25.00,20.50,0.00,0.00,6.85,6.19,105.00,105.76,1.61,3.17,125.00,146.52,143.00,126.23,267.00,271.50,1693.03,1827.00,1074.66,1135.79,533.29,533.37,347.34,355.77,60.27,61.03,52.46,70.06,114.23,125.98,111.59,90.33,63.00,50.90,1.00,3.15,0.00,0.00,19.37,26.12,22.88,30.41,3.16,3.01,4.11,11.05,21.00,22.47,97.00,97.82
1957,-3.36,-3.18,-21.35,-22.28,1.24,2.96,14.21,14.06,-7.40,-8.11,72.56,75.61,236.00,218.74,163.00,149.83,260.00,253.79,157.00,155.04,153.00,151.02,104.00,103.00,11.78,11.93,7.40,10.40,0.00,15.00,7806.95,7788.21,7.67,9.29,9.00,18.83,0.00,1.00,14.00,20.75,0.00,0.00,4.93,6.36,96.00,106.06,0.00,3.17,139.00,146.47,121.00,126.45,259.00,271.67,1667.38,1827.25,1015.69,1136.12,480.61,533.61,233.66,355.75,50.54,60.74,26.83,69.98,99.58,126.79,62.49,89.97,38.00,50.86,2.00,3.18,0.00,0.00,17.17,26.34,23.22,30.64,2.87,3.02,9.89,11.26,33.00,22.52,68.00,97.67
1958,-1.74,-3.15,-19.20,-22.19,4.34,2.96,13.65,14.07,-7.72,-8.08,70.20,75.52,213.00,218.56,163.00,149.76,271.00,254.05,138.00,154.91,135.00,150.72,82.00,102.50,9.32,11.78,6.03,10.37,45.00,15.48,7219.51,7777.50,10.14,9.30,11.00,18.71,0.00,1.00,47.00,21.00,0.00,0.00,9.86,6.52,107.00,106.35,0.44,3.17,148.00,146.42,124.00,126.68,271.00,271.83,1748.49,1827.50,1013.45,1136.45,408.06,533.86,310.81,355.74,67.06,60.45,62.39,69.90,125.15,127.60,57.27,89.62,49.00,50.81,3.00,3.21,0.00,0.00,28.24,26.55,31.88,30.88,2.61,3.03,13.48,11.47,20.00,22.56,101.00,97.52
1959,-3.62,-3.12,-21.07,-22.11,0.78,2.97,11.99,14.09,-7.91,-8.04,72.69,75.43,240.00,218.39,153.00,149.69,252.00,254.31,174.00,154.78,162.00,150.43,77.00,102.00,19.18,11.63,19.45,10.35,42.00,15.96,7904.05,7766.79,7.67,9.31,6.00,18.59,1.00,1.00,39.00,21.25,0.00,0.00,6.58,6.68,98.00,106.65,0.68,3.17,117.00,146.37,154.00,126.91,270.00,272.00,1354.31,1827.76,771.96,1136.78,276.37,534.11,385.68,355.72,53.38,60.17,111.36,69.82,136.78,128.42,86.14,89.27,58.00,50.76,3.00,3.24,0.00,0.00,26.68,26.77,30.67,31.11,2.81,3.04,11.32,11.68,19.00,22.60,115.00,97.36
1960,-3.17,-3.09,-19.30,-22.03,1.64,2.97,13.62,14.10,-8.39,-8.00,74.23,75.34,221.00,218.22,139.00,149.62,260.00,254.57,162.00,154.64,153.00,150.13,101.00,101.50,10.14,11.49,7.40,10.32,13.00,16.43,7746.47,7756.09,6.30,9.31,14.00,18.48,2.00,1.00,8.00,21.50,0.00,0.00,3.56,6.85,120.00,106.94,0.36,3.17,156.00,146.32,127.00,127.14,282.00,272.17,1789.84,1828.01,1033.65,1137.11,433.89,534.36,375.57,355.70,41.10,59.88,101.57,69.74,148.03,129.23,76.53,88.92,49.00,50.71,5.00,3.27,2.00,0.00,39.05,26.98,42.83,31.34,3.27,3.05,24.05,11.89,21.00,22.65,98.00,97.21
1961,-3.66,-3.06,-20.43,-21.95,1.92,2.97,14.10,14.11,-10.84,-7.97,78.41,75.25,239.00,218.05,170.00,149.55,246.00,254.83,174.00,154.51,163.00,149.84,107.00,101.00,18.63,11.34,13.15,10.29,12.00,16.91,7967.87,7745.38,10.68,9.32,34.00,18.36,9.00,1.00,22.00,21.75,0.00,0.00,4.66,7.01,75.00,107.24,9.94,3.17,127.00,146.27,137.00,127.36,263.00,272.33,1828.51,1828.26,1201.31,1137.44,632.19,534.61,401.64,355.69,70.33,59.59,53.23,69.66,194.40,130.05,84.80,88.57,48.00,50.67,9.00,3.30,2.00,0.00,45.24,27.19,49.78,31.57,3.64,3.06,36.86,12.10,23.00,22.69,98.00,97.06
1962,-2.98,-3.03,-24.11,-21.86,2.74,2.98,13.71,14.12,-5.40,-7.93,73.32,75.17,212.00,217.88,139.00,149.48,279.00,255.09,156.00,154.38,153.00,149.54,103.00,100.50,7.95,11.19,6.30,10.26,15.00,17.39,7687.34,7734.67,5.48,9.33,11.00,18.24,0.00,1.00,6.00,22.00,0.00,0.00,6.30,7.18,139.00,107.53,2.10,3.17,151.00,146.22,133.00,127.59,283.00,272.50,1913.92,1828.51,1162.43,1137.77,508.57,534.85,407.26,355.67,62.93,59.30,49.75,69.58,220.31,130.86,80.22,88.22,48.00,50.62,6.00,3.33,4.00,0.00,46.25,27.41,50.40,31.80,4.22,3.07,30.79,12.32,26.00,22.74,85.00,96.91
1963,-2.30,-3.00,-24.36,-21.78,3.41,2.98,15.32,14.13,-5.23,-7.89,79.53,75.08,203.00,217.70,150.00,149.41,258.00,255.35,151.00,154.25,138.00,149.25,107.00,100.00,3.84,11.04,9.59,10.23,33.00,17.87,7476.85,7723.96,11.23,9.34,23.00,18.13,3.00,1.00,39.00,22.25,0.00,0.00,15.89,7.34,107.00,107.82,17.11,3.17,171.00,146.16,129.00,127.82,299.00,272.67,2188.34,1828.76,1360.03,1138.10,673.22,535.10,379.96,355.66,71.47,59.01,44.06,69.50,166.90,131.68,97.99,87.86,51.00,50.57,6.00,3.36,2.00,0.00,30.48,27.62,31.82,32.03,4.03,3.08,29.33,12.53,27.00,22.78,84.00,96.76
1964,-2.62,-2.98,-20.26,-21.70,2.08,2.98,14.87,14.14,-7.34,-7.85,73.43,74.99,206.00,217.53,136.00,149.34,256.00,255.61,155.00,154.11,149.00,148.95,103.00,99.50,6.03,10.90,7.95,10.20,23.00,18.35,7586.47,7713.26,9.32,9.34,21.00,18.01,5.00,1.00,18.00,22.50,0.00,0.00,11.23,7.51,119.00,108.12,19.15,3.17,156.00,146.11,120.00,128.05,275.00,272.83,1962.96,1829.01,1213.22,1138.43,600.10,535.35,315.16,355.64,52.70,58.72,54.54,69.42,136.35,132.49,70.31,87.51,46.00,50.52,4.00,3.39,0.00,0.00,16.33,27.84,18.80,32.26,3.00,3.09,13.80,12.74,28.00,22.82,87.00,96.61
1965,-3.40,-2.95,-24.75,-21.62,2.99,2.99,13.08,14.15,-6.46,-7.82,72.89,74.90,221.00,217.36,159.00,149.28,249.00,255.87,156.00,153.98,152.00,148.66,97.00,99.00,11.23,10.75,13.70,10.17,17.00,18.83,7836.45,7702.55,6.58,9.35,15.00,17.89,0.00,1.00,27.00,22.75,0.00,0.00,6.03,7.67,89.00,108.41,0.36,3.17,130.00,146.06,123.00,128.27,252.00,273.00,1669.76,1829.27,1039.23,1138.76,510.61,535.60,400.64,355.62,52.50,58.44,104.13,69.35,134.12,133.31,106.93,87.16,55.00,50.48,5.00,3.42,1.00,0.00,46.28,28.05,47.06,32.50,3.99,3.10,22.58,12.95,23.00,22.87,86.00,96.45
1966,-3.59,-2.92,-24.08,-21.53,3.17,2.99,14.94,14.17,-10.76,-7.78,75.50,74.81,211.00,217.19,125.00,149.21,256.00,256.12,168.00,153.85,160.00,148.36,104.00,98.50,11.78,10.60,16.44,10.14,28.00,19.30,7914.31,7691.84,6.03,9.36,13.00,17.78,0.00,1.00,31.00,23.00,0.00,0.00,9.59,7.84,130.00,108.71,0.88,3.17,157.00,146.01,126.00,128.50,282.00,273.17,2004.50,1829.52,1234.02,1139.09,573.09,535.85,450.13,355.61,75.48,58.15,79.99,69.27,183.89,134.12,113.68,86.81,61.00,50.43,8.00,3.45,0.00,0.00,42.47,28.26,47.98,32.73,3.74,3.11,26.30,13.16,16.00,22.91,106.00,96.30
1967,-2.97,-2.89,-22.68,-21.45,0.22,2.99,15.34,14.18,-4.84,-7.74,73.00,74.72,226.00,217.02,160.00,149.14,266.00,256.38,154.00,153.72,139.00,148.07,106.00,98.00,12.60,10.45,11.78,10.11,28.00,19.78,7707.59,7681.13,13.70,9.37,26.00,17.66,2.00,1.00,26.00,23.25,0.00,0.00,11.78,8.00,105.00,109.00,6.03,3.17,134.00,145.96,140.00,128.73,273.00,273.33,1845.45,1829.77,1194.69,1139.42,618.32,536.09,338.04,355.59,57.57,57.86,65.01,69.19,128.79,134.93,89.42,86.46,56.00,50.38,2.00,3.48,0.00,0.00,17.09,28.48,20.46,32.96,3.22,3.12,7.11,13.37,23.00,22.96,88.00,96.15
1968,-2.50,-2.86,-21.15,-21.37,3.89,2.99,12.63,14.19,-6.11,-7.71,72.59,74.63,211.00,216.85,143.00,149.07,249.00,256.64,140.00,153.58,135.00,147.77,85.00,97.50,9.86,10.31,9.59,10.08,39.00,20.26,7485.69,7670.43,7.40,9.37,5.00,17.54,0.00,1.00,27.00,23.50,0.00,0.00,13.15,8.16,105.00,109.29,0.00,3.17,143.00,145.91,137.00,128.95,279.00,273.50,1680.57,1830.02,980.69,1139.75,381.94,536.34,363.87,355.57,68.32,57.57,69.03,69.11,149.49,135.75,69.73,86.11,47.00,50.33,6.00,3.52,0.00,0.00,25.95,28.69,32.22,33.19,3.37,3.12,22.39,13.58,28.00,23.00,92.00,96.00
1969,-2.41,-2.83,-22.29,-21.29,2.87,3.00,13.50,14.20,-6.02,-7.67,76.61,74.54,215.00,216.67,163.00,149.00,259.00,256.90,148.00,153.45,144.00,147.48,78.00,97.00,13.70,10.16,12.60,10.06,26.00,20.74,7478.02,7659.72,7.67,9.38,14.00,17.43,0.00,1.00,41.00,23.75,0.00,0.00,7.95,8.33,95.00,109.59,2.59,3.17,151.00,145.86,123.00,129.18,273.00,273.67,1704.23,1830.27,983.66,1140.08,439.38,536.59,271.21,355.56,51.90,57.28,73.55,69.03,108.47,136.56,39.85,85.75,42.00,50.29,3.00,3.55,0.00,0.00,20.95,28.90,23.05,33.42,2.97,3.13,12.24,13.80,30.00,23.04,76.00,95.85
1970,-2.79,-2.80,-21.07,-21.20,3.89,3.00,14.33,14.21,-8.99,-7.63,80.54,74.45,216.00,216.50,145.00,148.93,257.00,257.16,150.00,153.32,145.00,147.18,109.00,96.50,6.85,10.01,7.40,10.03,0.00,21.22,7638.30,7649.01,6.30,9.39,19.00,17.31,2.00,1.00,0.00,24.00,0.00,0.00,6.58,8.49,111.00,109.88,9.12,3.17,150.00,145.81,128.00,129.41,277.00,273.83,1931.31,1830.52,1209.80,1140.41,598.83,536.84,355.19,355.54,70.82,56.99,71.18,68.95,134.93,137.38,78.79,85.40,46.00,50.24,5.00,3.58,0.00,0.00,27.40,29.12,30.67,33.65,3.53,3.14,18.05,14.01,19.00,23.09,83.00,95.70
1971,-2.17,-2.77,-20.69,-21.12,4.96,3.00,14.77,14.22,-8.33,-7.59,76.67,74.36,202.00,216.33,137.00,148.86,263.00,257.42,155.00,153.18,145.00,146.89,89.00,96.00,4.38,9.86,6.58,10.00,16.00,21.70,7400.44,7638.30,10.14,9.39,16.00,17.19,1.00,1.00,20.00,24.25,0.00,0.00,12.05,8.66,125.00,110.18,6.20,3.17,160.00,145.76,109.00,129.64,268.00,274.00,2131.98,1830.77,1346.11,1140.74,663.24,537.09,269.07,355.52,65.72,56.70,36.59,68.87,82.18,138.19,86.01,85.05,41.00,50.19,0.00,3.61,0.00,0.00,12.86,29.33,15.90,33.88,2.52,3.15,0.00,14.22,19.00,23.13,82.00,95.55
1972,-4.26,-2.74,-25.61,-21.04,4.55,3.01,13.23,14.24,-10.75,-7.56,78.05,74.28,225.00,216.16,136.00,148.79,256.00,257.68,160.00,153.05,150.00,146.59,109.00,95.50,16.44,9.72,15.89,9.97,9.00,22.17,8165.69,7627.60,7.95,9.40,21.00,17.08,2.00,1.00,14.00,24.50,0.00,0.00,7.67,8.82,119.00,110.47,2.43,3.17,119.00,145.71,137.00,129.86,255.00,274.17,1703.90,1831.03,1112.19,1141.08,569.02,537.33,362.01,355.51,56.39,56.42,99.65,68.79,141.88,139.01,63.67,84.70,46.00,50.14,5.00,3.64,0.00,0.00,30.98,29.55,34.03,34.11,3.45,3.16,21.28,14.43,24.00,23.18,87.00,95.39
1973,-0.95,-2.71,-19.15,-20.96,6.74,3.01,15.72,14.25,-8.30,-7.52,77.07,74.19,204.00,215.99,120.00,148.72,256.00,257.94,143.00,152.92,146.00,146.30,82.00,95.00,3.84,9.57,3.56,9.94,15.00,22.65,7011.97,7616.89,12.33,9.41,36.00,16.96,3.00,1.00,32.00,24.75,0.00,0.00,13.15,8.99,135.00,110.76,17.02,3.17,158.00,145.66,120.00,130.09,277.00,274.33,2244.32,1831.28,1457.22,1141.41,764.64,537.58,354.01,355.49,51.15,56.13,33.67,68.71,154.26,139.82,111.53,84.35,48.00,50.10,7.00,3.67,0.00,0.00,27.51,29.76,36.03,34.35,3.57,3.17,27.51,14.64,25.00,23.22,86.00,95.24
1974,-2.85,-2.68,-24.05,-20.87,2.89,3.01,13.57,14.26,-5.63,-7.48,78.95,74.10,222.00,215.81,137.00,148.66,244.00,258.20,156.00,152.79,141.00,146.00,92.00,94.50,12.05,9.42,12.05,9.91,17.00,23.13,7659.84,7606.18,7.67,9.42,16.00,16.85,2.00,1.00,12.00,25.00,0.00,0.00,7.40,9.15,106.00,111.06,8.22,3.17,142.00,145.61,126.00,130.32,267.00,274.50,1788.66,1831.53,1088.76,1141.74,508.19,537.83,414.08,355.47,72.54,55.84,90.06,68.64,165.15,140.64,83.34,84.00,61.00,50.05,4.00,3.70,0.00,0.00,30.50,29.97,35.32,34.58,3.43,3.18,13.66,14.85,27.00,23.26,103.00,95.09
1975,-2.62,-2.65,-21.87,-20.79,3.77,3.02,15.13,14.27,-9.16,-7.45,78.55,74.01,199.00,215.64,140.00,148.59,254.00,258.45,161.00,152.65,144.00,145.70,101.00,94.00,6.03,9.27,7.67,9.88,19.00,23.61,7587.42,7595.48,11.51,9.42,17.00,16.73,5.00,1.00,13.00,25.25,0.00,0.00,10.14,9.32,113.00,111.35,16.13,3.17,156.00,145.56,123.00,130.55,278.00,274.67,2027.26,1831.78,1262.01,1142.07,600.03,538.08,398.14,355.46,56.15,55.55,74.53,68.56,142.09,141.45,128.93,83.64,62.00,50.00,5.00,3.73,1.00,0.00,41.08,30.19,44.66,34.81,3.53,3.19,17.80,15.06,34.00,23.31,97.00,94.94
1976,-1.70,-2.62,-21.05,-20.71,6.60,3.02,15.53,14.28,-7.46,-7.41,73.74,73.92,201.00,215.47,135.00,148.52,265.00,258.71,144.00,152.52,129.00,145.41,101.00,93.50,4.38,9.13,5.75,9.85,6.00,24.09,7270.04,7584.77,12.88,9.43,27.00,16.61,3.00,1.00,13.00,25.50,0.00,0.00,11.23,9.48,129.00,111.65,21.20,3.17,165.00,145.51,111.00,130.77,275.00,274.83,2198.17,1832.03,1393.79,1142.40,682.01,538.33,382.77,355.44,85.62,55.26,78.38,68.48,141.45,142.26,82.94,83.29,49.00,49.95,6.00,3.76,0.00,0.00,36.76,30.40,38.90,35.04,3.82,3.20,22.32,15.28,35.00,23.35,86.00,94.79
1977,-1.35,-2.59,-16.75,-20.63,5.46,3.02,12.56,14.29,-7.47,-7.37,71.88,73.83,200.00,215.30,135.00,148.45,245.00,258.97,136.00,152.39,137.00,145.11,77.00,93.00,9.04,8.98,10.41,9.82,36.00,24.57,7077.96,7574.06,15.34,9.44,8.00,16.50,0.00,1.00,42.00,25.75,0.00,0.00,13.70,9.64,109.00,111.94,1.81,3.17,156.00,145.46,122.00,131.00,277.00,275.00,1907.23,1832.28,1130.69,1142.73,438.30,538.57,377.12,355.43,41.08,54.97,88.67,68.40,177.92,143.08,69.33,82.94,46.00,49.90,6.00,3.79,2.00,0.00,36.90,30.62,39.79,35.27,3.66,3.21,26.00,15.49,34.00,23.40,86.00,94.64
1978,-2.78,-2.56,-20.38,-20.54,2.93,3.03,13.16,14.30,-7.42,-7.33,72.85,73.74,211.00,215.13,144.00,148.38,262.00,259.23,155.00,152.26,149.00,144.82,98.00,92.50,9.32,8.83,7.95,9.79,0.00,25.04,7594.94,7563.35,4.66,9.44,12.00,16.38,1.00,1.00,17.00,26.00,0.00,0.00,4.66,9.81,117.00,112.24,1.25,3.17,166.00,145.41,119.00,131.23,284.00,275.17,1811.50,1832.54,1019.70,1143.06,409.52,538.82,318.99,355.41,27.75,54.69,81.82,68.32,145.37,143.89,61.85,82.59,42.00,49.86,1.00,3.82,1.00,0.00,34.57,30.83,39.23,35.50,3.15,3.22,9.29,15.70,43.00,23.44,83.00,94.48
1979,-2.79,-2.53,-24.84,-20.46,0.65,3.03,14.92,14.32,-5.06,-7.30,75.94,73.65,219.00,214.95,160.00,148.31,241.00,259.49,156.00,152.12,144.00,144.52,94.00,92.00,11.51,8.68,7.95,9.77,24.00,25.52,7659.17,7552.65,10.14,9.45,24.00,16.26,5.00,1.00,34.00,26.25,0.00,0.00,9.86,9.97,80.00,112.53,18.73,3.17,145.00,145.35,134.00,131.45,278.00,275.33,1888.59,1832.79,1179.12,1143.39,563.41,539.07,304.42,355.39,54.98,54.40,56.15,68.24,110.67,144.71,87.53,82.24,48.00,49.81,2.00,3.85,0.00,0.00,18.71,31.04,19.70,35.73,2.94,3.23,7.96,15.91,29.00,23.48,86.00,94.33
1980,-1.41,-2.50,-19.45,-20.38,7.68,3.03,14.33,14.33,-7.70,-7.26,73.88,73.56,201.00,214.78,158.00,148.24,252.00,259.75,138.00,151.99,132.00,144.23,97.00,91.50,8.49,8.54,5.48,9.74,30.00,26.00,7137.14,7541.94,13.97,9.46,31.00,16.15,3.00,1.00,39.00,26.50,0.00,0.00,10.41,10.14,93.00,112.82,1.45,3.17,160.00,145.30,105.00,131.68,264.00,275.50,2119.32,1833.04,1338.16,1143.72,665.20,539.32,258.14,355.38,42.82,54.11,35.75,68.16,108.97,145.52,61.68,81.88,33.00,49.76,2.00,3.88,0.00,0.00,22.85,31.26,23.41,35.97,3.07,3.24,11.21,16.12,54.00,23.53,67.00,94.18
1981,0.13,-2.47,-15.00,-20.30,3.53,3.03,16.22,14.34,-4.96,-7.22,78.33,73.47,209.00,214.61,149.00,148.17,267.00,260.01,151.00,151.86,142.00,143.93,53.00,91.00,9.32,8.39,7.95,9.71,72.00,26.48,6622.83,7531.23,20.55,9.47,42.00,16.03,6.00,1.00,65.00,26.75,0.00,0.00,20.00,10.30,117.00,113.12,19.72,3.17,148.00,145.25,136.00,131.91,283.00,275.67,2081.17,1833.29,1355.35,1144.05,729.08,539.57,337.33,355.36,53.24,53.82,67.97,68.08,130.08,146.34,90.20,81.53,49.00,49.71,2.00,3.91,2.00,0.00,58.66,31.47,58.66,36.20,3.38,3.25,19.47,16.33,17.00,23.57,85.00,94.03
1982,-4.54,-2.45,-27.25,-20.21,2.55,3.04,13.55,14.35,-8.88,-7.19,77.51,73.39,211.00,214.44,160.00,148.10,269.00,260.27,159.00,151.73,159.00,143.64,123.00,90.50,18.36,8.24,16.16,9.68,0.00,26.96,8251.13,7520.52,8.77,9.47,14.00,15.91,0.00,1.00,6.00,27.00,0.00,0.00,6.30,10.47,108.00,113.41,1.06,3.17,171.00,145.20,117.00,132.14,287.00,275.83,1946.39,1833.54,1140.51,1144.38,495.29,539.81,359.24,355.34,37.77,53.53,82.55,68.00,158.96,147.15,77.77,81.18,51.00,49.67,5.00,3.94,0.00,0.00,31.90,31.69,38.22,36.43,3.16,3.26,17.67,16.54,13.00,23.62,97.00,93.88
1983,-2.04,-2.42,-19.62,-20.13,2.33,3.04,14.85,14.36,-6.85,-7.15,75.34,73.30,227.00,214.27,148.00,148.03,263.00,260.53,150.00,151.59,135.00,143.34,88.00,90.00,10.96,8.09,9.04,9.65,32.00,27.43,7372.29,7509.82,10.14,9.48,30.00,15.80,3.00,1.00,25.00,27.25,0.00,0.00,11.51,10.63,114.00,113.71,5.67,3.17,133.00,145.15,145.00,132.36,277.00,276.00,1794.95,1833.79,1158.45,1144.71,581.31,540.06,355.31,355.33,67.79,53.24,62.71,67.92,162.60,147.97,64.74,80.83,55.00,49.62,4.00,3.97,0.00,0.00,20.77,31.90,30.24,36.66,3.21,3.27,12.09,16.76,23.00,23.66,96.00,93.73
1984,-2.13,-2.39,-19.46,-20.05,6.81,3.04,15.11,14.37,-10.42,-7.11,78.63,73.21,214.00,214.09,144.00,147.97,255.00,260.79,148.00,151.46,142.00,143.05,97.00,89.50,12.33,7.95,12.33,9.62,35.00,27.91,7429.26,7499.11,14.52,9.49,25.00,15.68,8.00,1.00,46.00,27.50,0.00,0.00,13.15,10.79,110.00,114.00,27.35,3.17,135.00,145.10,130.00,132.59,264.00,276.17,1893.08,1834.04,1227.17,1145.04,640.83,540.31,459.09,355.31,56.98,52.96,73.51,67.85,211.72,148.78,120.81,80.48,61.00,49.57,6.00,4.00,1.00,0.00,29.28,32.11,33.42,36.89,3.79,3.28,20.95,16.97,18.00,23.70,108.00,93.58
1985,-3.25,-2.36,-22.54,-19.97,3.84,3.05,13.08,14.38,-10.43,-7.07,76.05,73.12,223.00,213.92,152.00,147.90,247.00,261.04,159.00,151.33,154.00,142.75,102.00,89.00,15.62,7.80,13.97,9.59,0.00,28.39,7790.07,7488.40,8.49,9.50,18.00,15.56,1.00,1.00,12.00,27.75,0.00,0.00,7.40,10.96,94.00,114.29,3.60,3.17,145.00,145.05,121.00,132.82,265.00,276.33,1751.20,1834.30,1041.29,1145.37,450.90,540.56,369.32,355.29,57.07,52.67,93.66,67.77,127.42,149.59,86.54,80.13,51.00,49.52,4.00,4.03,0.00,0.00,25.11,32.33,26.29,37.12,3.30,3.29,15.60,17.18,15.00,23.75,94.00,93.42
1986,-1.56,-2.33,-18.12,-19.88,4.00,3.05,13.58,14.40,-7.61,-7.04,76.32,73.03,216.00,213.75,166.00,147.83,237.00,261.30,150.00,151.19,148.00,142.46,81.00,88.50,11.51,7.65,10.68,9.56,40.00,28.87,7177.88,7477.70,14.79,9.50,17.00,15.45,1.00,1.00,35.00,28.00,0.00,0.00,13.70,11.12,70.00,114.59,4.17,3.17,143.00,145.00,137.00,133.05,279.00,276.50,1794.91,1834.55,1105.24,1145.70,512.16,540.81,376.39,355.28,54.28,52.38,95.87,67.69,166.05,150.41,57.78,79.77,60.00,49.48,2.00,4.06,1.00,0.00,34.32,32.54,38.04,37.35,3.32,3.30,13.80,17.39,17.00,23.79,96.00,93.27
1987,0.64,-2.30,-13.58,-19.80,5.68,3.05,14.11,14.41,-3.79,-7.00,64.90,72.94,210.00,213.58,155.00,147.76,272.00,261.56,143.00,151.06,121.00,142.16,53.00,88.00,7.12,7.50,4.66,9.53,72.00,29.35,6383.06,7466.99,19.73,9.51,14.00,15.33,4.00,1.00,68.00,28.25,0.00,0.00,20.55,11.29,116.00,114.88,14.26,3.17,163.00,144.95,116.00,133.27,278.00,276.67,2060.40,1834.80,1275.08,1146.03,579.21,541.05,372.31,355.26,85.79,52.09,61.73,67.61,155.77,151.22,74.37,79.42,57.00,49.43,3.00,4.09,0.00,0.00,21.12,32.76,26.43,37.59,3.02,3.31,10.45,17.60,17.00,23.84,106.00,93.12
1988,-2.11,-2.27,-19.64,-19.72,3.23,3.06,14.85,14.42,-6.61,-6.96,75.59,72.85,214.00,213.41,139.00,147.69,260.00,261.82,161.00,150.93,152.00,141.87,86.00,87.50,6.58,7.36,7.67,9.50,9.00,29.83,7370.47,7456.28,9.86,9.52,15.00,15.21,1.00,1.00,13.00,28.50,0.00,0.00,11.23,11.45,120.00,115.18,1.73,3.17,150.00,144.90,139.00,133.50,288.00,276.83,1962.66,1835.05,1233.17,1146.37,598.08,541.30,435.25,355.24,52.53,51.80,88.42,67.53,198.46,152.04,97.37,79.07,59.00,49.38,8.00,4.12,2.00,0.00,50.22,32.97,53.62,37.82,4.18,3.32,29.53,17.81,24.00,23.88,90.00,92.97
1989,-3.15,-2.24,-22.13,-19.64,2.84,3.06,15.07,14.43,-10.75,-6.93,79.62,72.76,220.00,213.23,150.00,147.62,253.00,262.08,162.00,150.80,159.00,141.57,116.00,87.00,10.96,7.21,13.97,9.48,0.00,30.30,7832.62,7445.57,13.70,9.52,29.00,15.10,12.00,1.00,6.00,28.75,0.00,0.00,10.96,11.62,102.00,115.47,38.34,3.17,136.00,144.85,125.00,133.73,260.00,277.00,1920.32,1835.30,1255.15,1146.70,663.26,541.55,389.78,355.23,40.74,51.51,94.02,67.45,151.24,152.85,95.98,78.72,51.00,49.33,5.00,4.15,0.00,0.00,30.94,33.18,42.94,38.05,3.52,3.33,18.24,18.02,17.00,23.92,96.00,92.82
1990,-2.93,-2.21,-19.77,-19.55,3.73,3.06,14.45,14.44,-9.81,-6.89,79.91,72.67,220.00,213.06,153.00,147.55,277.00,262.34,161.00,150.66,145.00,141.28,98.00,86.50,6.30,7.06,12.88,9.45,6.00,30.78,7719.37,7434.87,9.59,9.53,27.00,14.98,7.00,1.00,6.00,29.00,0.00,0.00,10.14,11.78,123.00,115.76,23.79,3.17,136.00,144.80,140.00,133.95,275.00,277.17,1882.45,1835.55,1206.46,1147.03,619.24,541.80,360.74,355.21,52.93,51.23,52.76,67.37,145.50,153.67,113.22,78.37,54.00,49.29,3.00,4.18,1.00,0.00,28.26,33.40,30.11,38.28,3.18,3.34,14.22,18.24,36.00,23.97,97.00,92.67
1991,-2.72,-2.18,-21.34,-19.47,2.76,3.07,14.37,14.45,-9.92,-6.85,76.85,72.58,208.00,212.89,145.00,147.48,260.00,262.60,156.00,150.53,146.00,140.98,87.00,86.00,6.85,6.91,15.34,9.42,30.00,31.26,7639.14,7424.16,7.67,9.54,17.00,14.86,2.00,1.00,25.00,29.25,0.00,0.00,13.70,11.95,114.00,116.06,20.74,3.17,150.00,144.75,137.00,134.18,286.00,277.33,1761.82,1835.81,1042.67,1147.36,482.25,542.05,405.07,355.19,64.84,50.94,92.99,67.29,156.57,154.48,93.96,78.02,64.00,49.24,5.00,4.21,0.00,0.00,30.25,33.61,38.71,38.51,3.24,3.35,16.29,18.45,18.00,24.01,109.00,92.52
1992,-2.38,-2.15,-17.26,-19.39,1.73,3.07,11.39,14.46,-4.20,-6.81,65.60,72.50,216.00,212.72,149.00,147.41,248.00,262.86,148.00,150.40,125.00,140.69,73.00,85.50,8.77,6.77,18.63,9.39,44.00,31.74,7442.31,7413.45,6.03,9.55,1.00,14.75,0.00,1.00,28.00,29.50,0.00,0.00,11.51,12.11,98.00,116.35,0.00,3.17,142.00,144.70,143.00,134.41,284.00,277.50,1420.35,1836.06,752.09,1147.69,265.73,542.29,416.89,355.18,54.48,50.65,89.41,67.21,193.88,155.30,80.59,77.66,60.00,49.19,6.00,4.24,1.00,0.00,37.29,33.83,39.08,38.74,3.80,3.36,21.06,18.66,20.00,24.06,95.00,92.36
1993,-1.43,-2.12,-18.39,-19.31,4.24,3.07,12.36,14.48,-5.41,-6.78,63.27,72.41,219.00,212.55,149.00,147.34,267.00,263.12,134.00,150.27,118.00,140.39,69.00,85.00,3.84,6.62,13.97,9.36,59.00,32.22,7094.74,7402.74,8.49,9.55,1.00,14.63,0.00,1.00,42.00,29.75,0.00,0.00,12.33,12.27,117.00,116.65,0.00,3.17,124.00,144.65,150.00,134.64,273.00,277.67,1416.09,1836.31,809.94,1148.02,315.10,542.54,368.41,355.16,36.49,50.36,65.59,67.13,174.12,156.11,89.35,77.31,52.00,49.14,5.00,4.27,1.00,0.00,38.97,34.04,58.72,38.97,3.52,3.37,20.46,18.87,26.00,24.10,91.00,92.21
1994,-2.20,-2.09,-23.59,-19.22,2.24,3.07,14.73,14.49,-4.53,-6.74,68.05,72.32,200.00,212.38,140.00,147.28,273.00,263.37,150.00,150.13,133.00,140.10,84.00,84.50,2.47,6.47,11.78,9.33,27.00,32.70,7399.61,7392.04,6.30,9.56,10.00,14.51,0.00,1.00,23.00,30.00,0.00,0.00,12.60,12.44,132.00,116.94,0.00,3.17,149.00,144.59,143.00,134.86,291.00,277.83,1883.53,1836.56,1148.68,1148.35,533.14,542.79,378.75,355.15,78.10,50.07,76.23,67.06,104.11,156.92,122.91,76.96,48.00,49.10,4.00,4.30,1.00,0.00,57.08,34.25,59.72,39.20,3.60,3.38,26.17,19.08,15.00,24.14,93.00,92.06
1995,-2.31,-2.06,-17.36,-19.14,1.94,3.08,12.62,14.50,-7.71,-6.70,71.12,72.23,215.00,212.20,146.00,147.21,262.00,263.63,158.00,150.00,150.00,139.80,76.00,84.00,6.58,6.32,11.78,9.30,52.00,33.17,7415.64,7381.33,5.48,9.57,4.00,14.40,0.00,1.00,36.00,30.25,0.00,0.00,12.60,12.60,115.00,117.24,0.00,3.17,143.00,144.54,146.00,135.09,288.00,278.00,1715.69,1836.81,1010.27,1148.68,393.42,543.04,344.44,355.13,55.28,49.78,62.70,66.98,171.51,157.74,48.41,76.61,49.00,49.05,7.00,4.33,1.00,0.00,46.34,34.47,58.63,39.44,3.37,3.39,27.78,19.29,19.00,24.19,91.00,91.91
1996,-2.99,-2.03,-20.32,-19.06,0.69,3.08,15.50,14.51,-6.63,-6.67,70.10,72.14,213.00,212.03,136.00,147.14,271.00,263.89,167.00,149.87,163.00,139.51,89.00,83.50,6.03,6.17,10.41,9.27,34.00,33.65,7686.64,7370.62,4.38,9.57,6.00,14.28,0.00,1.00,26.00,30.50,0.00,0.00,9.59,12.77,134.00,117.53,2.47,3.17,135.00,144.49,137.00,135.32,271.00,278.17,1884.99,1837.06,1214.99,1149.01,576.94,543.29,383.20,355.11,50.46,49.49,80.24,66.90,186.74,158.55,70.88,76.26,49.00,49.00,8.00,4.36,0.00,0.00,37.56,34.68,41.48,39.67,4.15,3.40,31.50,19.50,27.00,24.23,81.00,91.76
1997,-1.20,-2.00,-21.38,-18.98,1.47,3.08,15.26,14.52,-2.68,-6.63,68.83,72.05,220.00,211.86,147.00,147.07,278.00,264.15,154.00,149.73,129.00,139.21,70.00,83.00,4.38,6.03,8.77,9.24,63.00,34.13,7054.92,7359.91,9.59,9.58,12.00,14.17,0.00,1.00,29.00,30.75,0.00,0.00,20.00,12.93,130.00,117.82,5.34,3.17,130.00,144.44,148.00,135.55,277.00,278.33,1810.61,1837.31,1165.86,1149.34,581.77,543.53,485.36,355.10,48.88,49.21,88.34,66.82,255.37,159.37,87.42,75.91,63.00,48.95,8.00,4.39,2.00,0.00,70.47,34.90,86.76,39.90,4.09,3.41,33.94,19.72,31.00,24.27,109.00,91.61
1998,0.50,-1.97,-17.29,-18.89,4.83,3.09,16.57,14.53,-2.38,-6.59,70.80,71.96,191.00,211.69,151.00,147.00,282.00,264.41,137.00,149.60,112.00,138.92,57.00,82.50,2.19,5.88,1.92,9.22,71.00,34.61,6490.31,7349.21,11.23,9.59,23.00,14.05,2.00,1.00,51.00,31.00,0.00,0.00,25.48,13.10,130.00,118.12,19.10,3.17,146.00,144.39,136.00,135.77,281.00,278.50,2016.82,1837.57,1292.63,1149.67,679.69,543.78,231.52,355.08,36.09,48.92,26.03,66.74,137.83,160.18,30.41,75.55,30.00,48.90,2.00,4.42,1.00,0.00,55.76,35.11,55.76,40.13,3.68,3.42,24.08,19.93,47.00,24.32,57.00,91.45
1999,-0.03,-1.95,-17.13,-18.81,4.58,3.09,14.54,14.54,-4.19,-6.55,66.70,71.87,199.00,211.52,138.00,146.93,273.00,264.67,125.00,149.47,117.00,138.62,54.00,82.00,1.64,5.73,4.38,9.19,69.00,35.09,6607.45,7338.50,10.68,9.60,10.00,13.93,0.00,1.00,57.00,31.25,0.00,0.00,18.90,13.26,134.00,118.41,0.28,3.17,134.00,144.34,139.00,136.00,272.00,278.67,1797.62,1837.82,1130.41,1150.00,523.36,544.03,369.44,355.06,39.39,48.63,74.00,66.66,176.60,161.00,77.92,75.20,50.00,48.86,8.00,4.45,1.00,0.00,40.14,35.32,40.65,40.36,3.78,3.42,32.09,20.14,48.00,24.36,92.00,91.30
2000,-1.73,-1.92,-17.53,-18.73,2.49,3.09,14.58,14.56,-6.63,-6.52,69.75,71.78,214.00,211.34,153.00,146.86,264.00,264.93,141.00,149.34,134.00,138.32,81.00,81.50,5.21,5.58,8.77,9.16,51.00,35.57,7254.81,7327.79,8.49,9.60,16.00,13.82,0.00,1.00,50.00,31.50,0.00,0.00,12.33,13.42,110.00,118.71,4.41,3.17,157.00,144.29,118.00,136.23,274.00,278.83,1778.15,1838.07,1055.06,1150.33,505.48,544.28,343.05,355.05,41.39,48.34,66.12,66.58,165.62,161.81,71.78,74.85,59.00,48.81,2.00,4.48,1.00,0.00,35.97,35.54,38.65,40.59,3.42,3.43,11.45,20.35,22.00,24.41,91.00,91.15
2001,-0.50,-1.89,-16.03,-18.65,2.20,3.10,14.87,14.57,-4.54,-6.48,65.56,71.69,211.00,211.17,142.00,146.79,277.00,265.19,146.00,149.20,137.00,138.03,66.00,81.00,3.56,5.44,5.21,9.13,56.00,36.04,6785.71,7317.09,10.41,9.61,12.00,13.70,0.00,1.00,47.00,31.75,0.00,0.00,15.07,13.59,134.00,119.00,1.13,3.17,156.00,144.24,131.00,136.45,286.00,279.00,1969.70,1838.32,1209.80,1150.66,567.88,544.53,281.93,355.03,47.72,48.05,49.56,66.50,131.09,162.63,62.27,74.50,38.00,48.76,1.00,4.52,0.00,0.00,15.61,35.75,22.43,40.82,2.54,3.44,3.56,20.56,20.00,24.45,98.00,91.00
2002,-3.18,-1.86,-20.15,-18.56,-1.18,3.10,14.15,14.58,-7.05,-6.44,72.32,71.61,234.00,211.00,154.00,146.72,267.00,265.45,181.00,149.07,171.00,137.73,86.00,80.50,17.81,5.29,15.62,9.10,37.00,36.52,7758.12,7306.38,9.04,9.62,10.00,13.58,1.00,1.00,44.00,32.00,0.00,0.00,12.05,13.75,112.00,119.29,2.30,3.17,113.00,144.19,153.00,136.68,265.00,279.17,1551.19,1838.57,988.30,1150.99,451.28,544.77,347.21,355.01,26.66,47.76,51.54,66.42,213.19,163.44,55.75,74.15,47.00,48.71,6.00,4.55,0.00,0.00,37.95,35.96,56.34,41.06,3.77,3.45,23.94,20.77,26.00,24.49,81.00,90.85
2003,-2.08,-1.83,-21.58,-18.48,3.26,3.10,14.81,14.59,-5.54,-6.41,71.25,71.52,206.00,210.83,141.00,146.66,271.00,265.71,148.00,148.94,142.00,137.44,88.00,80.00,5.21,5.14,9.04,9.07,25.00,37.00,7373.39,7295.67,11.23,9.63,13.00,13.47,1.00,1.00,46.00,32.25,0.00,0.00,13.97,13.92,129.00,119.59,7.27,3.17,156.00,144.14,130.00,136.91,285.00,279.33,1953.34,1838.82,1201.41,1151.32,566.44,545.02,365.48,355.00,41.18,47.48,83.52,66.34,142.31,164.25,94.25,73.80,57.00,48.67,2.00,4.58,0.00,0.00,19.07,36.18,20.09,41.29,3.21,3.46,5.69,20.98,22.00,24.54,100.00,90.70
2004,-3.88,-1.80,-19.13,-18.40,-0.52,3.11,12.62,14.60,-8.24,-6.37,78.12,71.43,237.00,210.66,168.00,146.59,250.00,265.96,162.00,148.81,161.00,137.14,96.00,79.50,19.73,4.99,15.89,9.04,0.00,37.48,8015.36,7284.96,4.11,9.63,18.00,13.35,1.00,1.00,6.00,32.50,0.00,0.00,3.29,14.08,81.00,119.88,2.05,3.17,128.00,144.09,145.00,137.14,272.00,279.50,1484.97,1839.08,854.04,1151.66,347.68,545.27,298.63,354.98,74.67,47.19,79.21,66.27,87.97,165.07,53.33,73.44,37.00,48.62,4.00,4.61,0.00,0.00,24.99,36.39,30.59,41.52,2.50,3.47,17.15,21.20,23.00,24.58,101.00,90.55
2005,-0.86,-1.77,-20.28,-18.32,3.88,3.11,13.48,14.61,-3.74,-6.33,72.08,71.34,205.00,210.48,147.00,146.52,257.00,266.22,134.00,148.67,122.00,136.85,67.00,79.00,3.84,4.85,9.86,9.01,50.00,37.96,6892.33,7274.26,10.14,9.64,5.00,13.23,0.00,1.00,30.00,32.75,0.00,0.00,17.53,14.25,109.00,120.18,0.00,3.17,126.00,144.04,148.00,137.36,273.00,279.67,1615.93,1839.33,996.61,1151.99,435.13,545.52,389.69,354.96,77.98,46.90,66.96,66.19,159.14,165.88,84.81,73.09,71.00,48.57,2.00,4.64,0.00,0.00,20.86,36.61,24.72,41.75,3.43,3.48,5.56,21.41,24.00,24.63,104.00,90.39
2006,0.32,-1.74,-13.72,-18.23,6.73,3.11,15.53,14.63,-7.65,-6.30,69.57,71.25,198.00,210.31,130.00,146.45,282.00,266.48,146.00,148.54,136.00,136.55,64.00,78.50,2.19,4.70,3.29,8.98,65.00,38.43,6492.10,7263.55,16.44,9.65,13.00,13.12,1.00,1.00,63.00,33.00,0.00,0.00,23.29,14.41,151.00,120.47,2.25,3.17,168.00,143.99,114.00,137.59,281.00,279.83,2192.70,1839.58,1362.91,1152.32,664.92,545.77,288.78,354.95,34.42,46.61,59.44,66.11,116.58,166.70,83.34,72.74,46.00,48.52,4.00,4.67,0.00,0.00,21.81,36.82,26.81,41.98,3.23,3.49,18.70,21.62,26.00,24.67,80.00,90.24
2007,-1.96,-1.71,-19.34,-18.15,3.94,3.11,13.89,14.64,-6.39,-6.26,69.55,71.16,204.00,210.14,145.00,146.38,267.00,266.74,144.00,148.41,138.00,136.26,88.00,78.00,3.56,4.55,6.03,8.95,27.00,38.91,7335.25,7252.84,5.48,9.65,13.00,13.00,0.00,1.00,23.00,33.25,0.00,0.00,13.97,14.58,121.00,120.76,6.51,3.17,141.00,143.94,119.00,137.82,259.00,280.00,1705.33,1839.83,1025.55,1152.65,484.02,546.01,345.17,354.93,56.45,46.32,38.51,66.03,168.00,167.51,79.21,72.39,47.00,48.48,5.00,4.70,0.00,0.00,35.65,37.03,38.67,42.21,3.12,3.50,21.75,21.83,20.00,24.71,98.00,90.09
2008,-2.93,-1.68,-21.77,-18.07,1.01,3.12,15.11,14.65,-6.37,-6.22,76.05,71.07,216.00,209.97,146.00,146.31,260.00,267.00,160.00,148.27,152.00,135.96,98.00,77.50,8.49,4.40,7.67,8.93,34.00,39.39,7716.33,7242.13,4.66,9.66,19.00,12.88,1.00,1.00,6.00,33.50,0.00,0.00,11.23,14.74,113.00,121.06,14.39,3.17,153.00,143.89,134.00,138.05,286.00,280.17,1953.20,1840.08,1207.30,1152.98,591.61,546.26,291.03,354.92,64.02,46.03,34.69,65.95,102.33,168.33,93.00,72.04,39.00,48.43,5.00,4.73,0.00,0.00,24.29,37.25,24.29,42.44,2.99,3.51,21.19,22.04,36.00,24.76,83.00,89.94
2009,-2.60,-1.65,-22.53,-17.99,1.55,3.12,14.82,14.66,-6.09,-6.18,69.42,70.98,223.00,209.80,152.00,146.24,280.00,267.26,150.00,148.14,142.00,135.67,87.00,77.00,11.51,4.26,13.15,8.90,35.00,39.87,7523.15,7231.43,6.58,9.67,2.00,12.77,0.00,1.00,24.00,33.75,0.00,0.00,12.05,14.90,127.00,121.35,0.00,3.17,129.00,143.84,149.00,138.27,277.00,280.33,1720.43,1840.33,1079.06,1153.31,501.12,546.51,290.81,354.90,32.90,45.75,32.26,65.87,178.85,169.14,47.16,71.68,38.00,48.38,3.00,4.76,1.00,0.00,55.26,37.46,69.28,42.68,3.32,3.52,22.95,22.25,21.00,24.80,79.00,89.79
2010,0.31,-1.62,-14.39,-17.90,4.67,3.12,14.92,14.67,-5.29,-6.15,69.04,70.89,201.00,209.62,143.00,146.17,264.00,267.52,131.00,148.01,120.00,135.37,60.00,76.50,1.10,4.11,4.38,8.87,63.00,40.35,6506.46,7220.72,15.07,9.68,13.00,12.65,0.00,1.00,61.00,34.00,0.00,0.00,20.27,15.07,120.00,121.65,3.31,3.17,142.00,143.78,145.00,138.50,286.00,280.50,1938.58,1840.58,1236.36,1153.64,609.88,546.76,250.55,354.88,19.85,45.46,39.83,65.79,149.78,169.96,41.99,71.33,34.00,48.33,5.00,4.79,1.00,0.00,47.27,37.68,48.91,42.91,3.98,3.53,33.11,22.47,43.00,24.85,60.00,89.64
2011,,-1.59,,-17.82,,3.13,,14.68,,-6.11,,70.80,,209.45,,146.10,,267.78,,147.88,,135.08,,76.00,,3.96,,8.84,,40.83,,7210.01,,9.68,,12.53,,1.00,,34.25,,0.00,,15.23,,121.94,,3.17,,143.73,,138.73,,280.67,,1840.84,,1153.97,,547.01,,354.87,,45.17,,65.71,,170.77,,70.98,,48.29,,4.82,,0.00,,37.89,,43.14,,3.54,,22.68,,24.89,,89.48
